행정기관코드,기준연월,시도명,시군구명,읍면동명,전체 전월인구수,전월 남자인구수,전월 여자인구수,전체 당월인구수,당월 남자인구수,당월 여자인구수,전체 인구증감,남자 인구증감,여자 인구증감
1111051500,2023-03-31,서울특별시,종로구,청운효자동,11605,5325,6280,11574,5301,6273,-31,-24,-7
1111053000,2023-03-31,서울특별시,종로구,사직동,9120,4060,5060,9106,4050,5056,-14,-10,-4
1111054000,2023-03-31,서울특별시,종로구,삼청동,2322,1104,1218,2313,1101,1212,-9,-3,-6
1111055000,2023-03-31,서울특별시,종로구,부암동,9178,4340,4838,9148,4319,4829,-30,-21,-9
1111056000,2023-03-31,서울특별시,종로구,평창동,17602,8212,9390,17553,8201,9352,-49,-11,-38
1111057000,2023-03-31,서울특별시,종로구,무악동,8019,3698,4321,8014,3691,4323,-5,-7,2
1111058000,2023-03-31,서울특별시,종로구,교남동,9783,4505,5278,9751,4482,5269,-32,-23,-9
1111060000,2023-03-31,서울특별시,종로구,가회동,3969,1845,2124,3962,1844,2118,-7,-1,-6
1111061500,2023-03-31,서울특별시,종로구,종로1.2.3.4가동,6760,4113,2647,6740,4099,2641,-20,-14,-6
1111063000,2023-03-31,서울특별시,종로구,종로5.6가동,5396,2837,2559,5401,2843,2558,5,6,-1
1111064000,2023-03-31,서울특별시,종로구,이화동,7096,3360,3736,7067,3345,3722,-29,-15,-14
1111065000,2023-03-31,서울특별시,종로구,혜화동,16197,7792,8405,16148,7757,8391,-49,-35,-14
1111067000,2023-03-31,서울특별시,종로구,창신제1동,4637,2462,2175,4613,2447,2166,-24,-15,-9
1111068000,2023-03-31,서울특별시,종로구,창신제2동,7682,3949,3733,7650,3937,3713,-32,-12,-20
1111069000,2023-03-31,서울특별시,종로구,창신제3동,6459,3168,3291,6436,3155,3281,-23,-13,-10
1111070000,2023-03-31,서울특별시,종로구,숭인제1동,5783,2785,2998,5772,2783,2989,-11,-2,-9
1111071000,2023-03-31,서울특별시,종로구,숭인제2동,9825,4844,4981,9812,4815,4997,-13,-29,16
1114052000,2023-03-31,서울특별시,중구,소공동,2228,1062,1166,2207,1049,1158,-21,-13,-8
1114054000,2023-03-31,서울특별시,중구,회현동,4506,2337,2169,4479,2327,2152,-27,-10,-17
1114055000,2023-03-31,서울특별시,중구,명동,2728,1172,1556,2714,1164,1550,-14,-8,-6
1114057000,2023-03-31,서울특별시,중구,필동,3938,2046,1892,3973,2063,1910,35,17,18
1114058000,2023-03-31,서울특별시,중구,장충동,4577,2426,2151,4603,2430,2173,26,4,22
1114059000,2023-03-31,서울특별시,중구,광희동,5429,2727,2702,5551,2775,2776,122,48,74
1114060500,2023-03-31,서울특별시,중구,을지로동,1674,1021,653,2012,1185,827,338,164,174
1114061500,2023-03-31,서울특별시,중구,신당동,7607,3740,3867,7573,3731,3842,-34,-9,-25
1114062500,2023-03-31,서울특별시,중구,다산동,13486,6524,6962,13450,6509,6941,-36,-15,-21
1114063500,2023-03-31,서울특별시,중구,약수동,16347,7549,8798,16317,7530,8787,-30,-19,-11
1114064500,2023-03-31,서울특별시,중구,청구동,13149,6220,6929,13147,6213,6934,-2,-7,5
1114065000,2023-03-31,서울특별시,중구,신당제5동,10127,4909,5218,10148,4910,5238,21,1,20
1114066500,2023-03-31,서울특별시,중구,동화동,10033,4810,5223,10002,4796,5206,-31,-14,-17
1114067000,2023-03-31,서울특별시,중구,황학동,12739,6060,6679,12812,6082,6730,73,22,51
1114068000,2023-03-31,서울특별시,중구,중림동,11987,5954,6033,11975,5935,6040,-12,-19,7
1117051000,2023-03-31,서울특별시,용산구,후암동,16294,7943,8351,16239,7899,8340,-55,-44,-11
1117052000,2023-03-31,서울특별시,용산구,용산2가동,9043,4365,4678,9008,4348,4660,-35,-17,-18
1117053000,2023-03-31,서울특별시,용산구,남영동,7075,4300,2775,7072,4297,2775,-3,-3,0
1117055500,2023-03-31,서울특별시,용산구,청파동,19080,8893,10187,19079,8877,10202,-1,-16,15
1117056000,2023-03-31,서울특별시,용산구,원효로제1동,17161,7978,9183,17149,7974,9175,-12,-4,-8
1117057000,2023-03-31,서울특별시,용산구,원효로제2동,13695,6455,7240,13668,6430,7238,-27,-25,-2
1117058000,2023-03-31,서울특별시,용산구,효창동,10743,5113,5630,10764,5113,5651,21,0,21
1117059000,2023-03-31,서울특별시,용산구,용문동,11493,5513,5980,11498,5510,5988,5,-3,8
1117062500,2023-03-31,서울특별시,용산구,한강로동,21127,10017,11110,21109,10006,11103,-18,-11,-7
1117063000,2023-03-31,서울특별시,용산구,이촌제1동,25022,11743,13279,24960,11721,13239,-62,-22,-40
1117064000,2023-03-31,서울특별시,용산구,이촌제2동,8003,3741,4262,7966,3726,4240,-37,-15,-22
1117065000,2023-03-31,서울특별시,용산구,이태원제1동,6124,3022,3102,6136,3031,3105,12,9,3
1117066000,2023-03-31,서울특별시,용산구,이태원제2동,8685,4035,4650,8660,4036,4624,-25,1,-26
1117068500,2023-03-31,서울특별시,용산구,한남동,19398,9375,10023,19286,9322,9964,-112,-53,-59
1117069000,2023-03-31,서울특별시,용산구,서빙고동,12540,6029,6511,12544,6041,6503,4,12,-8
1117070000,2023-03-31,서울특별시,용산구,보광동,12692,6338,6354,12618,6309,6309,-74,-29,-45
1120052000,2023-03-31,서울특별시,성동구,왕십리제2동,16299,7855,8444,16284,7838,8446,-15,-17,2
1120053500,2023-03-31,서울특별시,성동구,왕십리도선동,26401,12433,13968,26406,12436,13970,5,3,2
1120054000,2023-03-31,서울특별시,성동구,마장동,22014,10857,11157,21959,10832,11127,-55,-25,-30
1120055000,2023-03-31,서울특별시,성동구,사근동,12000,6285,5715,12121,6353,5768,121,68,53
1120056000,2023-03-31,서울특별시,성동구,행당제1동,13700,6585,7115,13733,6614,7119,33,29,4
1120057000,2023-03-31,서울특별시,성동구,행당제2동,22975,10719,12256,22988,10716,12272,13,-3,16
1120058000,2023-03-31,서울특별시,성동구,응봉동,14997,7128,7869,14953,7106,7847,-44,-22,-22
1120059000,2023-03-31,서울특별시,성동구,금호1가동,15006,7164,7842,14982,7147,7835,-24,-17,-7
1120061500,2023-03-31,서울특별시,성동구,금호2.3가동,22202,10610,11592,22165,10604,11561,-37,-6,-31
1120062000,2023-03-31,서울특별시,성동구,금호4가동,14177,6714,7463,14228,6736,7492,51,22,29
1120064500,2023-03-31,서울특별시,성동구,옥수동,25534,11851,13683,25553,11861,13692,19,10,9
1120065000,2023-03-31,서울특별시,성동구,성수1가제1동,15904,7906,7998,15698,7806,7892,-206,-100,-106
1120066000,2023-03-31,서울특별시,성동구,성수1가제2동,12149,5928,6221,12133,5921,6212,-16,-7,-9
1120067000,2023-03-31,서울특별시,성동구,성수2가제1동,15109,7873,7236,15026,7820,7206,-83,-53,-30
1120069000,2023-03-31,서울특별시,성동구,성수2가제3동,10263,5116,5147,10249,5124,5125,-14,8,-22
1120072000,2023-03-31,서울특별시,성동구,송정동,10033,5311,4722,10007,5281,4726,-26,-30,4
1120079000,2023-03-31,서울특별시,성동구,용답동,11711,6026,5685,11755,6038,5717,44,12,32
1121571000,2023-03-31,서울특별시,광진구,화양동,23434,11161,12273,23450,11171,12279,16,10,6
1121573000,2023-03-31,서울특별시,광진구,군자동,19425,9589,9836,19340,9576,9764,-85,-13,-72
1121574000,2023-03-31,서울특별시,광진구,중곡제1동,15385,7344,8041,15453,7364,8089,68,20,48
1121575000,2023-03-31,서울특별시,광진구,중곡제2동,20959,9868,11091,20856,9828,11028,-103,-40,-63
1121576000,2023-03-31,서울특별시,광진구,중곡제3동,15955,7899,8056,15913,7861,8052,-42,-38,-4
1121577000,2023-03-31,서울특별시,광진구,중곡제4동,27919,13644,14275,27866,13623,14243,-53,-21,-32
1121578000,2023-03-31,서울특별시,광진구,능동,11171,5129,6042,11163,5131,6032,-8,2,-10
1121581000,2023-03-31,서울특별시,광진구,광장동,34073,16460,17613,34044,16468,17576,-29,8,-37
1121582000,2023-03-31,서울특별시,광진구,자양제1동,21906,10664,11242,22007,10710,11297,101,46,55
1121583000,2023-03-31,서울특별시,광진구,자양제2동,23818,11564,12254,23802,11546,12256,-16,-18,2
1121584000,2023-03-31,서울특별시,광진구,자양제3동,27536,13165,14371,27457,13117,14340,-79,-48,-31
1121584700,2023-03-31,서울특별시,광진구,자양제4동,17986,8964,9022,17989,8964,9025,3,0,3
1121585000,2023-03-31,서울특별시,광진구,구의제1동,23414,11163,12251,23424,11181,12243,10,18,-8
1121586000,2023-03-31,서울특별시,광진구,구의제2동,25878,12409,13469,25864,12385,13479,-14,-24,10
1121587000,2023-03-31,서울특별시,광진구,구의제3동,28212,13306,14906,28173,13284,14889,-39,-22,-17
1123053600,2023-03-31,서울특별시,동대문구,용신동,34925,17368,17557,35219,17467,17752,294,99,195
1123054500,2023-03-31,서울특별시,동대문구,제기동,24138,12356,11782,24133,12353,11780,-5,-3,-2
1123056000,2023-03-31,서울특별시,동대문구,전농제1동,28728,14293,14435,28749,14289,14460,21,-4,25
1123057000,2023-03-31,서울특별시,동대문구,전농제2동,18123,8687,9436,18108,8677,9431,-15,-10,-5
1123060000,2023-03-31,서울특별시,동대문구,답십리제1동,28111,13543,14568,28072,13519,14553,-39,-24,-15
1123061000,2023-03-31,서울특별시,동대문구,답십리제2동,27753,13425,14328,27694,13381,14313,-59,-44,-15
1123065000,2023-03-31,서울특별시,동대문구,장안제1동,38015,18771,19244,37975,18750,19225,-40,-21,-19
1123066000,2023-03-31,서울특별시,동대문구,장안제2동,32342,16064,16278,32373,16053,16320,31,-11,42
1123070500,2023-03-31,서울특별시,동대문구,청량리동,18620,9285,9335,18608,9260,9348,-12,-25,13
1123071000,2023-03-31,서울특별시,동대문구,회기동,10533,5054,5479,10548,5038,5510,15,-16,31
1123072000,2023-03-31,서울특별시,동대문구,휘경제1동,14016,6582,7434,14010,6597,7413,-6,15,-21
1123073000,2023-03-31,서울특별시,동대문구,휘경제2동,24363,12152,12211,24509,12205,12304,146,53,93
1123074000,2023-03-31,서울특별시,동대문구,이문제1동,17995,8922,9073,17993,8920,9073,-2,-2,0
1123075000,2023-03-31,서울특별시,동대문구,이문제2동,19631,9460,10171,19583,9424,10159,-48,-36,-12
1126052000,2023-03-31,서울특별시,중랑구,면목제2동,23839,11871,11968,23786,11845,11941,-53,-26,-27
1126054000,2023-03-31,서울특별시,중랑구,면목제4동,18397,9141,9256,18358,9115,9243,-39,-26,-13
1126055000,2023-03-31,서울특별시,중랑구,면목제5동,14674,7351,7323,14670,7336,7334,-4,-15,11
1126056500,2023-03-31,서울특별시,중랑구,면목본동,33121,16349,16772,33031,16302,16729,-90,-47,-43
1126057000,2023-03-31,서울특별시,중랑구,면목제7동,21514,10745,10769,21443,10717,10726,-71,-28,-43
1126057500,2023-03-31,서울특별시,중랑구,면목제3.8동,24381,12078,12303,24623,12194,12429,242,116,126
1126058000,2023-03-31,서울특별시,중랑구,상봉제1동,23456,11386,12070,23393,11351,12042,-63,-35,-28
1126059000,2023-03-31,서울특별시,중랑구,상봉제2동,20242,9728,10514,20238,9723,10515,-4,-5,1
1126060000,2023-03-31,서울특별시,중랑구,중화제1동,19061,9392,9669,19045,9372,9673,-16,-20,4
1126061000,2023-03-31,서울특별시,중랑구,중화제2동,24371,12507,11864,24334,12483,11851,-37,-24,-13
1126062000,2023-03-31,서울특별시,중랑구,묵제1동,34077,16254,17823,33997,16229,17768,-80,-25,-55
1126063000,2023-03-31,서울특별시,중랑구,묵제2동,18385,9007,9378,18398,8990,9408,13,-17,30
1126065500,2023-03-31,서울특별시,중랑구,망우본동,35571,17585,17986,35594,17596,17998,23,11,12
1126066000,2023-03-31,서울특별시,중랑구,망우제3동,15941,8020,7921,15876,7991,7885,-65,-29,-36
1126068000,2023-03-31,서울특별시,중랑구,신내1동,38129,18401,19728,38265,18463,19802,136,62,74
1126069000,2023-03-31,서울특별시,중랑구,신내2동,19970,9491,10479,19952,9479,10473,-18,-12,-6
1129052500,2023-03-31,서울특별시,성북구,성북동,16246,7567,8679,16184,7534,8650,-62,-33,-29
1129055500,2023-03-31,서울특별시,성북구,삼선동,22433,10679,11754,22473,10688,11785,40,9,31
1129057500,2023-03-31,서울특별시,성북구,동선동,15077,6277,8800,15079,6240,8839,2,-37,39
1129058000,2023-03-31,서울특별시,성북구,돈암제1동,14404,6713,7691,14385,6703,7682,-19,-10,-9
1129059000,2023-03-31,서울특별시,성북구,돈암제2동,23490,11108,12382,23460,11091,12369,-30,-17,-13
1129060000,2023-03-31,서울특별시,성북구,안암동,15096,7625,7471,15123,7610,7513,27,-15,42
1129061000,2023-03-31,서울특별시,성북구,보문동,16303,7803,8500,16312,7798,8514,9,-5,14
1129062000,2023-03-31,서울특별시,성북구,정릉제1동,17940,8573,9367,17894,8564,9330,-46,-9,-37
1129063000,2023-03-31,서울특별시,성북구,정릉제2동,22675,10955,11720,22657,10958,11699,-18,3,-21
1129064000,2023-03-31,서울특별시,성북구,정릉제3동,15142,7540,7602,15176,7552,7624,34,12,22
1129065000,2023-03-31,서울특별시,성북구,정릉제4동,24415,11695,12720,24417,11688,12729,2,-7,9
1129066000,2023-03-31,서울특별시,성북구,길음제1동,34796,16476,18320,34745,16452,18293,-51,-24,-27
1129068500,2023-03-31,서울특별시,성북구,길음제2동,21621,10377,11244,21674,10400,11274,53,23,30
1129070500,2023-03-31,서울특별시,성북구,종암동,38129,18862,19267,38095,18850,19245,-34,-12,-22
1129071500,2023-03-31,서울특별시,성북구,월곡제1동,25955,12506,13449,25925,12497,13428,-30,-9,-21
1129072500,2023-03-31,서울특별시,성북구,월곡제2동,19188,9173,10015,19188,9162,10026,0,-11,11
1129076000,2023-03-31,서울특별시,성북구,장위제1동,23801,11596,12205,23798,11583,12215,-3,-13,10
1129077000,2023-03-31,서울특별시,성북구,장위제2동,13372,6573,6799,13363,6564,6799,-9,-9,0
1129078000,2023-03-31,서울특별시,성북구,장위제3동,15727,7700,8027,15772,7731,8041,45,31,14
1129081000,2023-03-31,서울특별시,성북구,석관동,34360,16955,17405,34380,16969,17411,20,14,6
1130553400,2023-03-31,서울특별시,강북구,삼양동,22848,11388,11460,22819,11363,11456,-29,-25,-4
1130553500,2023-03-31,서울특별시,강북구,미아동,21155,10145,11010,21136,10134,11002,-19,-11,-8
1130554500,2023-03-31,서울특별시,강북구,송중동,29215,14070,15145,29146,14052,15094,-69,-18,-51
1130555500,2023-03-31,서울특별시,강북구,송천동,25521,12623,12898,25459,12607,12852,-62,-16,-46
1130557500,2023-03-31,서울특별시,강북구,삼각산동,30756,14745,16011,30778,14762,16016,22,17,5
1130559500,2023-03-31,서울특별시,강북구,번1동,18099,9094,9005,18091,9081,9010,-8,-13,5
1130560300,2023-03-31,서울특별시,강북구,번2동,15256,7364,7892,15210,7343,7867,-46,-21,-25
1130560800,2023-03-31,서울특별시,강북구,번3동,16300,7613,8687,16251,7586,8665,-49,-27,-22
1130561500,2023-03-31,서울특별시,강북구,수유1동,20251,9948,10303,20230,9929,10301,-21,-19,-2
1130562500,2023-03-31,서울특별시,강북구,수유2동,20863,9923,10940,20823,9893,10930,-40,-30,-10
1130563500,2023-03-31,서울특별시,강북구,수유3동,23017,11364,11653,23065,11372,11693,48,8,40
1130564500,2023-03-31,서울특별시,강북구,우이동,20195,9702,10493,20152,9667,10485,-43,-35,-8
1130566000,2023-03-31,서울특별시,강북구,인수동,29643,14275,15368,29602,14239,15363,-41,-36,-5
1132051100,2023-03-31,서울특별시,도봉구,창제1동,24309,11572,12737,24277,11567,12710,-32,-5,-27
1132051200,2023-03-31,서울특별시,도봉구,창제2동,28567,13883,14684,28537,13859,14678,-30,-24,-6
1132051300,2023-03-31,서울특별시,도봉구,창제3동,13454,6694,6760,13438,6699,6739,-16,5,-21
1132051400,2023-03-31,서울특별시,도봉구,창제4동,25916,12425,13491,25933,12434,13499,17,9,8
1132051500,2023-03-31,서울특별시,도봉구,창제5동,24177,11575,12602,24149,11553,12596,-28,-22,-6
1132052100,2023-03-31,서울특별시,도봉구,도봉제1동,20418,10218,10200,20388,10199,10189,-30,-19,-11
1132052200,2023-03-31,서울특별시,도봉구,도봉제2동,26132,12767,13365,26081,12758,13323,-51,-9,-42
1132066000,2023-03-31,서울특별시,도봉구,쌍문제1동,20968,10053,10915,20951,10045,10906,-17,-8,-9
1132067000,2023-03-31,서울특별시,도봉구,쌍문제2동,18259,8700,9559,18244,8695,9549,-15,-5,-10
1132068000,2023-03-31,서울특별시,도봉구,쌍문제3동,16757,8058,8699,16746,8053,8693,-11,-5,-6
1132068100,2023-03-31,서울특별시,도봉구,쌍문제4동,18308,8656,9652,18268,8635,9633,-40,-21,-19
1132069000,2023-03-31,서울특별시,도봉구,방학제1동,28119,13945,14174,28102,13934,14168,-17,-11,-6
1132070000,2023-03-31,서울특별시,도봉구,방학제2동,19032,9614,9418,18991,9596,9395,-41,-18,-23
1132071000,2023-03-31,서울특별시,도봉구,방학제3동,26437,12804,13633,26404,12779,13625,-33,-25,-8
1135056000,2023-03-31,서울특별시,노원구,월계1동,20910,10765,10145,20886,10735,10151,-24,-30,6
1135057000,2023-03-31,서울특별시,노원구,월계2동,25947,12482,13465,25918,12457,13461,-29,-25,-4
1135058000,2023-03-31,서울특별시,노원구,월계3동,29106,13920,15186,29022,13884,15138,-84,-36,-48
1135059500,2023-03-31,서울특별시,노원구,공릉1동,36422,17693,18729,36414,17670,18744,-8,-23,15
1135060000,2023-03-31,서울특별시,노원구,공릉2동,41817,20406,21411,41817,20387,21430,0,-19,19
1135061100,2023-03-31,서울특별시,노원구,하계1동,26568,12727,13841,26958,12948,14010,390,221,169
1135061200,2023-03-31,서울특별시,노원구,하계2동,21517,10211,11306,21472,10196,11276,-45,-15,-30
1135061900,2023-03-31,서울특별시,노원구,중계본동,23375,11365,12010,23257,11301,11956,-118,-64,-54
1135062100,2023-03-31,서울특별시,노원구,중계1동,26466,12898,13568,26405,12880,13525,-61,-18,-43
1135062400,2023-03-31,서울특별시,노원구,중계4동,19417,9323,10094,19419,9310,10109,2,-13,15
1135062500,2023-03-31,서울특별시,노원구,중계2.3동,33213,15199,18014,33143,15169,17974,-70,-30,-40
1135063000,2023-03-31,서울특별시,노원구,상계1동,37588,18158,19430,37569,18135,19434,-19,-23,4
1135064000,2023-03-31,서울특별시,노원구,상계2동,19477,9583,9894,19462,9580,9882,-15,-3,-12
1135066500,2023-03-31,서울특별시,노원구,상계3.4동,25113,12539,12574,25074,12514,12560,-39,-25,-14
1135067000,2023-03-31,서울특별시,노원구,상계5동,23498,11378,12120,23430,11347,12083,-68,-31,-37
1135069500,2023-03-31,서울특별시,노원구,상계6.7동,31915,14745,17170,31901,14725,17176,-14,-20,6
1135070000,2023-03-31,서울특별시,노원구,상계8동,22208,10588,11620,22174,10572,11602,-34,-16,-18
1135071000,2023-03-31,서울특별시,노원구,상계9동,19921,9320,10601,19879,9303,10576,-42,-17,-25
1135072000,2023-03-31,서울특별시,노원구,상계10동,18342,8443,9899,18315,8419,9896,-27,-24,-3
1138051000,2023-03-31,서울특별시,은평구,녹번동,36447,17138,19309,36375,17110,19265,-72,-28,-44
1138052000,2023-03-31,서울특별시,은평구,불광제1동,37871,17819,20052,37837,17793,20044,-34,-26,-8
1138053000,2023-03-31,서울특별시,은평구,불광제2동,27121,13095,14026,27096,13070,14026,-25,-25,0
1138055100,2023-03-31,서울특별시,은평구,갈현제1동,15587,7568,8019,15249,7405,7844,-338,-163,-175
1138055200,2023-03-31,서울특별시,은평구,갈현제2동,27913,13194,14719,27842,13157,14685,-71,-37,-34
1138056000,2023-03-31,서울특별시,은평구,구산동,31776,15512,16264,31758,15488,16270,-18,-24,6
1138057000,2023-03-31,서울특별시,은평구,대조동,27292,12633,14659,27311,12642,14669,19,9,10
1138058000,2023-03-31,서울특별시,은평구,응암제1동,33002,15512,17490,32945,15482,17463,-57,-30,-27
1138059000,2023-03-31,서울특별시,은평구,응암제2동,27724,13412,14312,27717,13397,14320,-7,-15,8
1138060000,2023-03-31,서울특별시,은평구,응암제3동,23894,11548,12346,23786,11473,12313,-108,-75,-33
1138062500,2023-03-31,서울특별시,은평구,역촌동,44533,20926,23607,44490,20899,23591,-43,-27,-16
1138063100,2023-03-31,서울특별시,은평구,신사제1동,26754,12841,13913,26741,12847,13894,-13,6,-19
1138063200,2023-03-31,서울특별시,은평구,신사제2동,19283,9583,9700,19240,9569,9671,-43,-14,-29
1138064000,2023-03-31,서울특별시,은평구,증산동,18516,9025,9491,18534,9031,9503,18,6,12
1138065000,2023-03-31,서울특별시,은평구,수색동,13104,6387,6717,13118,6388,6730,14,1,13
1138069000,2023-03-31,서울특별시,은평구,진관동,54810,25597,29213,54832,25599,29233,22,2,20
1141052000,2023-03-31,서울특별시,서대문구,천연동,16734,7906,8828,16691,7877,8814,-43,-29,-14
1141055500,2023-03-31,서울특별시,서대문구,북아현동,15571,7449,8122,15549,7445,8104,-22,-4,-18
1141056500,2023-03-31,서울특별시,서대문구,충현동,19850,9535,10315,19817,9520,10297,-33,-15,-18
1141058500,2023-03-31,서울특별시,서대문구,신촌동,20366,8903,11463,20392,8876,11516,26,-27,53
1141061500,2023-03-31,서울특별시,서대문구,연희동,34318,16402,17916,34340,16393,17947,22,-9,31
1141062000,2023-03-31,서울특별시,서대문구,홍제제1동,24747,11555,13192,24818,11600,13218,71,45,26
1141064000,2023-03-31,서울특별시,서대문구,홍제제3동,17712,8506,9206,17724,8502,9222,12,-4,16
1141065500,2023-03-31,서울특별시,서대문구,홍제제2동,13328,6240,7088,13284,6210,7074,-44,-30,-14
1141066000,2023-03-31,서울특별시,서대문구,홍은제1동,22452,10857,11595,22426,10834,11592,-26,-23,-3
1141068500,2023-03-31,서울특별시,서대문구,홍은제2동,28514,13695,14819,28700,13788,14912,186,93,93
1141069000,2023-03-31,서울특별시,서대문구,남가좌제1동,16722,8025,8697,16736,8025,8711,14,0,14
1141070000,2023-03-31,서울특별시,서대문구,남가좌제2동,29274,14107,15167,29332,14157,15175,58,50,8
1141071000,2023-03-31,서울특별시,서대문구,북가좌제1동,17703,8472,9231,17721,8481,9240,18,9,9
1141072000,2023-03-31,서울특별시,서대문구,북가좌제2동,30903,15019,15884,30907,15024,15883,4,5,-1
1144055500,2023-03-31,서울특별시,마포구,아현동,27437,12821,14616,27750,12954,14796,313,133,180
1144056500,2023-03-31,서울특별시,마포구,공덕동,36757,17194,19563,36764,17174,19590,7,-20,27
1144058500,2023-03-31,서울특별시,마포구,도화동,20789,9913,10876,20761,9890,10871,-28,-23,-5
1144059000,2023-03-31,서울특별시,마포구,용강동,21301,10068,11233,21266,10035,11231,-35,-33,-2
1144060000,2023-03-31,서울특별시,마포구,대흥동,14488,7033,7455,14526,7055,7471,38,22,16
1144061000,2023-03-31,서울특별시,마포구,염리동,16781,8030,8751,16783,8025,8758,2,-5,7
1144063000,2023-03-31,서울특별시,마포구,신수동,22235,10861,11374,22219,10848,11371,-16,-13,-3
1144065500,2023-03-31,서울특별시,마포구,서강동,24676,11780,12896,24691,11787,12904,15,7,8
1144066000,2023-03-31,서울특별시,마포구,서교동,24466,11126,13340,24420,11099,13321,-46,-27,-19
1144068000,2023-03-31,서울특별시,마포구,합정동,16654,7670,8984,16612,7641,8971,-42,-29,-13
1144069000,2023-03-31,서울특별시,마포구,망원제1동,19376,9054,10322,19363,9054,10309,-13,0,-13
1144070000,2023-03-31,서울특별시,마포구,망원제2동,18204,8512,9692,18187,8489,9698,-17,-23,6
1144071000,2023-03-31,서울특별시,마포구,연남동,14528,6891,7637,14504,6858,7646,-24,-33,9
1144072000,2023-03-31,서울특별시,마포구,성산제1동,18679,8752,9927,18656,8734,9922,-23,-18,-5
1144073000,2023-03-31,서울특별시,마포구,성산제2동,39067,17422,21645,39094,17433,21661,27,11,16
1144074000,2023-03-31,서울특별시,마포구,상암동,30009,14157,15852,29974,14139,15835,-35,-18,-17
1147051000,2023-03-31,서울특별시,양천구,목1동,30362,14604,15758,30285,14564,15721,-77,-40,-37
1147052000,2023-03-31,서울특별시,양천구,목2동,29283,14182,15101,29213,14148,15065,-70,-34,-36
1147053000,2023-03-31,서울특별시,양천구,목3동,21506,10254,11252,21446,10223,11223,-60,-31,-29
1147054000,2023-03-31,서울특별시,양천구,목4동,24774,12133,12641,24649,12059,12590,-125,-74,-51
1147055000,2023-03-31,서울특별시,양천구,목5동,40615,20121,20494,40575,20089,20486,-40,-32,-8
1147056000,2023-03-31,서울특별시,양천구,신월1동,19998,10246,9752,19943,10209,9734,-55,-37,-18
1147057000,2023-03-31,서울특별시,양천구,신월2동,20343,9952,10391,20368,9955,10413,25,3,22
1147058000,2023-03-31,서울특별시,양천구,신월3동,14688,7727,6961,14654,7701,6953,-34,-26,-8
1147059000,2023-03-31,서울특별시,양천구,신월4동,17600,8568,9032,17569,8545,9024,-31,-23,-8
1147060000,2023-03-31,서울특별시,양천구,신월5동,14313,7101,7212,14263,7074,7189,-50,-27,-23
1147061000,2023-03-31,서울특별시,양천구,신월6동,13867,6772,7095,13874,6770,7104,7,-2,9
1147061100,2023-03-31,서울특별시,양천구,신월7동,18959,9245,9714,18880,9210,9670,-79,-35,-44
1147062000,2023-03-31,서울특별시,양천구,신정1동,19830,9618,10212,19813,9618,10195,-17,0,-17
1147063000,2023-03-31,서울특별시,양천구,신정2동,18901,9288,9613,18834,9246,9588,-67,-42,-25
1147064000,2023-03-31,서울특별시,양천구,신정3동,50234,24325,25909,50228,24321,25907,-6,-4,-2
1147065000,2023-03-31,서울특별시,양천구,신정4동,32340,15726,16614,32273,15690,16583,-67,-36,-31
1147067000,2023-03-31,서울특별시,양천구,신정6동,24069,11692,12377,24007,11656,12351,-62,-36,-26
1147068000,2023-03-31,서울특별시,양천구,신정7동,28360,13641,14719,28345,13625,14720,-15,-16,1
1150051000,2023-03-31,서울특별시,강서구,염창동,41420,19904,21516,41378,19909,21469,-42,5,-47
1150052000,2023-03-31,서울특별시,강서구,등촌제1동,24757,11406,13351,24773,11424,13349,16,18,-2
1150053000,2023-03-31,서울특별시,강서구,등촌제2동,19655,9543,10112,19617,9536,10081,-38,-7,-31
1150053500,2023-03-31,서울특별시,강서구,등촌제3동,29671,14029,15642,29651,14024,15627,-20,-5,-15
1150054000,2023-03-31,서울특별시,강서구,화곡제1동,51751,25136,26615,51788,25161,26627,37,25,12
1150055000,2023-03-31,서울특별시,강서구,화곡제2동,17472,8447,9025,17420,8414,9006,-52,-33,-19
1150056000,2023-03-31,서울특별시,강서구,화곡제3동,21388,10171,11217,21352,10159,11193,-36,-12,-24
1150057000,2023-03-31,서울특별시,강서구,화곡제4동,20135,9881,10254,20052,9827,10225,-83,-54,-29
1150059000,2023-03-31,서울특별시,강서구,화곡본동,33616,16263,17353,33572,16249,17323,-44,-14,-30
1150059100,2023-03-31,서울특별시,강서구,화곡제6동,24990,11972,13018,25000,11966,13034,10,-6,16
1150059300,2023-03-31,서울특별시,강서구,화곡제8동,23977,11576,12401,23910,11531,12379,-67,-45,-22
1150060300,2023-03-31,서울특별시,강서구,가양제1동,34096,15476,18620,34096,15477,18619,0,1,-1
1150060400,2023-03-31,서울특별시,강서구,가양제2동,13785,6510,7275,13756,6489,7267,-29,-21,-8
1150060500,2023-03-31,서울특별시,강서구,가양제3동,14504,6726,7778,14465,6706,7759,-39,-20,-19
1150061100,2023-03-31,서울특별시,강서구,발산제1동,35942,16925,19017,35919,16910,19009,-23,-15,-8
1150061500,2023-03-31,서울특별시,강서구,우장산동,43348,20708,22640,43515,20805,22710,167,97,70
1150062000,2023-03-31,서울특별시,강서구,공항동,30225,15256,14969,30194,15248,14946,-31,-8,-23
1150063000,2023-03-31,서울특별시,강서구,방화제1동,42548,20731,21817,42512,20709,21803,-36,-22,-14
1150064000,2023-03-31,서울특별시,강서구,방화제2동,23042,11389,11653,22997,11384,11613,-45,-5,-40
1150064100,2023-03-31,서울특별시,강서구,방화제3동,22344,10777,11567,22320,10765,11555,-24,-12,-12
1153051000,2023-03-31,서울특별시,구로구,신도림동,35799,17297,18502,35769,17277,18492,-30,-20,-10
1153052000,2023-03-31,서울특별시,구로구,구로제1동,20618,10058,10560,20583,10053,10530,-35,-5,-30
1153053000,2023-03-31,서울특별시,구로구,구로제2동,23030,11596,11434,22966,11562,11404,-64,-34,-30
1153054000,2023-03-31,서울특별시,구로구,구로제3동,23460,12094,11366,23406,12064,11342,-54,-30,-24
1153055000,2023-03-31,서울특별시,구로구,구로제4동,19100,9236,9864,19091,9226,9865,-9,-10,1
1153056000,2023-03-31,서울특별시,구로구,구로제5동,29300,14181,15119,29328,14199,15129,28,18,10
1153059500,2023-03-31,서울특별시,구로구,가리봉동,8954,4911,4043,8955,4907,4048,1,-4,5
1153072000,2023-03-31,서울특별시,구로구,고척제1동,25738,12851,12887,25869,12909,12960,131,58,73
1153073000,2023-03-31,서울특별시,구로구,고척제2동,26138,12913,13225,26063,12880,13183,-75,-33,-42
1153074000,2023-03-31,서울특별시,구로구,개봉제1동,33321,16573,16748,33355,16579,16776,34,6,28
1153075000,2023-03-31,서울특별시,구로구,개봉제2동,30099,14650,15449,30110,14639,15471,11,-11,22
1153076000,2023-03-31,서울특별시,구로구,개봉제3동,19853,9632,10221,19843,9626,10217,-10,-6,-4
1153077000,2023-03-31,서울특별시,구로구,오류제1동,22655,10799,11856,22629,10789,11840,-26,-10,-16
1153078000,2023-03-31,서울특별시,구로구,오류제2동,37942,18128,19814,37844,18085,19759,-98,-43,-55
1153079000,2023-03-31,서울특별시,구로구,수궁동,22967,11274,11693,22933,11258,11675,-34,-16,-18
1153080000,2023-03-31,서울특별시,구로구,항동,16448,7989,8459,16439,7986,8453,-9,-3,-6
1154551000,2023-03-31,서울특별시,금천구,가산동,24198,13026,11172,24292,13111,11181,94,85,9
1154561000,2023-03-31,서울특별시,금천구,독산제1동,46080,23546,22534,46205,23613,22592,125,67,58
1154562000,2023-03-31,서울특별시,금천구,독산제2동,18176,9159,9017,18108,9135,8973,-68,-24,-44
1154563000,2023-03-31,서울특별시,금천구,독산제3동,24004,12032,11972,23946,12012,11934,-58,-20,-38
1154564000,2023-03-31,서울특별시,금천구,독산제4동,14863,7466,7397,14844,7461,7383,-19,-5,-14
1154567000,2023-03-31,서울특별시,금천구,시흥제1동,32363,16129,16234,32332,16093,16239,-31,-36,5
1154568000,2023-03-31,서울특별시,금천구,시흥제2동,20699,9888,10811,20663,9878,10785,-36,-10,-26
1154569000,2023-03-31,서울특별시,금천구,시흥제3동,10483,5190,5293,10449,5167,5282,-34,-23,-11
1154570000,2023-03-31,서울특별시,금천구,시흥제4동,19888,9844,10044,19859,9820,10039,-29,-24,-5
1154571000,2023-03-31,서울특별시,금천구,시흥제5동,18641,9355,9286,18609,9334,9275,-32,-21,-11
1156051500,2023-03-31,서울특별시,영등포구,영등포본동,20941,10746,10195,20957,10759,10198,16,13,3
1156053500,2023-03-31,서울특별시,영등포구,영등포동,30070,15476,14594,30211,15527,14684,141,51,90
1156054000,2023-03-31,서울특별시,영등포구,여의동,32483,15251,17232,32494,15257,17237,11,6,5
1156055000,2023-03-31,서울특별시,영등포구,당산제1동,20755,10077,10678,20813,10108,10705,58,31,27
1156056000,2023-03-31,서울특별시,영등포구,당산제2동,36738,17186,19552,36770,17178,19592,32,-8,40
1156058500,2023-03-31,서울특별시,영등포구,도림동,17713,8947,8766,17713,8948,8765,0,1,-1
1156060500,2023-03-31,서울특별시,영등포구,문래동,32276,15752,16524,32265,15742,16523,-11,-10,-1
1156061000,2023-03-31,서울특별시,영등포구,양평제1동,18345,8881,9464,18344,8875,9469,-1,-6,5
1156062000,2023-03-31,서울특별시,영등포구,양평제2동,22386,10917,11469,22414,10904,11510,28,-13,41
1156063000,2023-03-31,서울특별시,영등포구,신길제1동,19327,9770,9557,19408,9812,9596,81,42,39
1156065000,2023-03-31,서울특별시,영등포구,신길제3동,16322,8047,8275,16297,8030,8267,-25,-17,-8
1156066000,2023-03-31,서울특별시,영등포구,신길제4동,12335,6113,6222,12332,6105,6227,-3,-8,5
1156067000,2023-03-31,서울특별시,영등포구,신길제5동,10186,4933,5253,10173,4919,5254,-13,-14,1
1156068000,2023-03-31,서울특별시,영등포구,신길제6동,18824,9192,9632,18774,9176,9598,-50,-16,-34
1156069000,2023-03-31,서울특별시,영등포구,신길제7동,19804,9867,9937,19785,9862,9923,-19,-5,-14
1156070000,2023-03-31,서울특별시,영등포구,대림제1동,14053,6993,7060,14032,6972,7060,-21,-21,0
1156071000,2023-03-31,서울특별시,영등포구,대림제2동,11973,5893,6080,11942,5869,6073,-31,-24,-7
1156072000,2023-03-31,서울특별시,영등포구,대림제3동,21879,10915,10964,21890,10930,10960,11,15,-4
1159051000,2023-03-31,서울특별시,동작구,노량진제1동,31695,16012,15683,31831,16110,15721,136,98,38
1159052000,2023-03-31,서울특별시,동작구,노량진제2동,10525,5477,5048,10503,5473,5030,-22,-4,-18
1159053000,2023-03-31,서울특별시,동작구,상도제1동,44399,21589,22810,44452,21598,22854,53,9,44
1159054000,2023-03-31,서울특별시,동작구,상도제2동,27731,13277,14454,27700,13282,14418,-31,5,-36
1159055000,2023-03-31,서울특별시,동작구,상도제3동,24178,11500,12678,24164,11472,12692,-14,-28,14
1159056000,2023-03-31,서울특별시,동작구,상도제4동,28203,13714,14489,28165,13708,14457,-38,-6,-32
1159060500,2023-03-31,서울특별시,동작구,흑석동,27936,13618,14318,28722,14013,14709,786,395,391
1159062000,2023-03-31,서울특별시,동작구,사당제1동,22566,10846,11720,22566,10847,11719,0,1,-1
1159063000,2023-03-31,서울특별시,동작구,사당제2동,28377,13584,14793,28344,13562,14782,-33,-22,-11
1159064000,2023-03-31,서울특별시,동작구,사당제3동,23904,11543,12361,23931,11556,12375,27,13,14
1159065000,2023-03-31,서울특별시,동작구,사당제4동,13965,6663,7302,13959,6645,7314,-6,-18,12
1159065100,2023-03-31,서울특별시,동작구,사당제5동,14298,6841,7457,14294,6842,7452,-4,1,-5
1159066000,2023-03-31,서울특별시,동작구,대방동,36221,17118,19103,36034,17014,19020,-187,-104,-83
1159067000,2023-03-31,서울특별시,동작구,신대방제1동,23371,11203,12168,23359,11197,12162,-12,-6,-6
1159068000,2023-03-31,서울특별시,동작구,신대방제2동,22253,10621,11632,22177,10581,11596,-76,-40,-36
1162052500,2023-03-31,서울특별시,관악구,보라매동,24222,11933,12289,24227,11929,12298,5,-4,9
1162054500,2023-03-31,서울특별시,관악구,청림동,14912,7213,7699,14924,7222,7702,12,9,3
1162056500,2023-03-31,서울특별시,관악구,성현동,28561,13774,14787,28542,13754,14788,-19,-20,1
1162057500,2023-03-31,서울특별시,관악구,행운동,29091,14069,15022,29159,14148,15011,68,79,-11
1162058500,2023-03-31,서울특별시,관악구,낙성대동,17358,8711,8647,17425,8750,8675,67,39,28
1162059500,2023-03-31,서울특별시,관악구,청룡동,36155,17377,18778,36174,17337,18837,19,-40,59
1162060500,2023-03-31,서울특별시,관악구,은천동,32678,15969,16709,32717,16006,16711,39,37,2
1162061500,2023-03-31,서울특별시,관악구,중앙동,15399,7448,7951,15413,7450,7963,14,2,12
1162062500,2023-03-31,서울특별시,관악구,인헌동,25775,12498,13277,25747,12474,13273,-28,-24,-4
1162063000,2023-03-31,서울특별시,관악구,남현동,17932,8683,9249,17932,8699,9233,0,16,-16
1162064500,2023-03-31,서울특별시,관악구,서원동,22876,11993,10883,22929,12014,10915,53,21,32
1162065500,2023-03-31,서울특별시,관악구,신원동,17927,9085,8842,17904,9091,8813,-23,6,-29
1162066500,2023-03-31,서울특별시,관악구,서림동,23540,13076,10464,23631,13187,10444,91,111,-20
1162068500,2023-03-31,서울특별시,관악구,신사동,22680,11363,11317,22674,11334,11340,-6,-29,23
1162069500,2023-03-31,서울특별시,관악구,신림동,23312,12295,11017,23319,12298,11021,7,3,4
1162071500,2023-03-31,서울특별시,관악구,난향동,14875,7286,7589,14872,7277,7595,-3,-9,6
1162072500,2023-03-31,서울특별시,관악구,조원동,19405,9709,9696,19509,9733,9776,104,24,80
1162073500,2023-03-31,서울특별시,관악구,대학동,24257,14771,9486,24403,14880,9523,146,109,37
1162074500,2023-03-31,서울특별시,관악구,삼성동,20404,10154,10250,20384,10145,10239,-20,-9,-11
1162076500,2023-03-31,서울특별시,관악구,미성동,30013,14692,15321,29955,14664,15291,-58,-28,-30
1162077500,2023-03-31,서울특별시,관악구,난곡동,26058,13026,13032,25975,12984,12991,-83,-42,-41
1165051000,2023-03-31,서울특별시,서초구,서초1동,20369,9826,10543,20307,9779,10528,-62,-47,-15
1165052000,2023-03-31,서울특별시,서초구,서초2동,26604,12616,13988,26610,12601,14009,6,-15,21
1165053000,2023-03-31,서울특별시,서초구,서초3동,32126,15244,16882,32079,15228,16851,-47,-16,-31
1165053100,2023-03-31,서울특별시,서초구,서초4동,30323,14818,15505,30291,14800,15491,-32,-18,-14
1165054000,2023-03-31,서울특별시,서초구,잠원동,26203,12619,13584,26215,12612,13603,12,-7,19
1165055000,2023-03-31,서울특별시,서초구,반포본동,268,129,139,266,128,138,-2,-1,-1
1165056000,2023-03-31,서울특별시,서초구,반포1동,34100,16610,17490,34180,16672,17508,80,62,18
1165057000,2023-03-31,서울특별시,서초구,반포2동,15638,7416,8222,15645,7414,8231,7,-2,9
1165058000,2023-03-31,서울특별시,서초구,반포3동,23597,11259,12338,23723,11301,12422,126,42,84
1165058100,2023-03-31,서울특별시,서초구,반포4동,18785,8838,9947,18741,8808,9933,-44,-30,-14
1165059000,2023-03-31,서울특별시,서초구,방배본동,20594,9500,11094,20543,9473,11070,-51,-27,-24
1165060000,2023-03-31,서울특별시,서초구,방배1동,16688,7791,8897,16680,7795,8885,-8,4,-12
1165061000,2023-03-31,서울특별시,서초구,방배2동,18401,8609,9792,18325,8567,9758,-76,-42,-34
1165062000,2023-03-31,서울특별시,서초구,방배3동,17139,8233,8906,17082,8193,8889,-57,-40,-17
1165062100,2023-03-31,서울특별시,서초구,방배4동,23061,10518,12543,23019,10492,12527,-42,-26,-16
1165065100,2023-03-31,서울특별시,서초구,양재1동,42377,20174,22203,42328,20121,22207,-49,-53,4
1165065200,2023-03-31,서울특별시,서초구,양재2동,21513,10813,10700,21489,10803,10686,-24,-10,-14
1165066000,2023-03-31,서울특별시,서초구,내곡동,17340,8384,8956,17308,8371,8937,-32,-13,-19
1168051000,2023-03-31,서울특별시,강남구,신사동,15623,7261,8362,15545,7223,8322,-78,-38,-40
1168052100,2023-03-31,서울특별시,강남구,논현1동,21360,10102,11258,21340,10067,11273,-20,-35,15
1168053100,2023-03-31,서울특별시,강남구,논현2동,20501,9576,10925,20477,9557,10920,-24,-19,-5
1168054500,2023-03-31,서울특별시,강남구,압구정동,25720,11888,13832,25651,11858,13793,-69,-30,-39
1168056500,2023-03-31,서울특별시,강남구,청담동,25213,11776,13437,25144,11747,13397,-69,-29,-40
1168058000,2023-03-31,서울특별시,강남구,삼성1동,12464,6114,6350,12432,6085,6347,-32,-29,-3
1168059000,2023-03-31,서울특별시,강남구,삼성2동,30768,14769,15999,30682,14728,15954,-86,-41,-45
1168060000,2023-03-31,서울특별시,강남구,대치1동,23874,11980,11894,23764,11932,11832,-110,-48,-62
1168061000,2023-03-31,서울특별시,강남구,대치2동,36957,18693,18264,36880,18652,18228,-77,-41,-36
1168063000,2023-03-31,서울특별시,강남구,대치4동,19009,9047,9962,18956,9000,9956,-53,-47,-6
1168064000,2023-03-31,서울특별시,강남구,역삼1동,34474,16782,17692,34328,16748,17580,-146,-34,-112
1168065000,2023-03-31,서울특별시,강남구,역삼2동,37085,17363,19722,36989,17305,19684,-96,-58,-38
1168065500,2023-03-31,서울특별시,강남구,도곡1동,20839,9886,10953,20776,9857,10919,-63,-29,-34
1168065600,2023-03-31,서울특별시,강남구,도곡2동,32762,15202,17560,32670,15171,17499,-92,-31,-61
1168066000,2023-03-31,서울특별시,강남구,개포1동,6904,3333,3571,6892,3329,3563,-12,-4,-8
1168067000,2023-03-31,서울특별시,강남구,개포2동,30287,14688,15599,34097,16517,17580,3810,1829,1981
1168067500,2023-03-31,서울특별시,강남구,개포3동,17307,8376,8931,17121,8291,8830,-186,-85,-101
1168069000,2023-03-31,서울특별시,강남구,개포4동,23467,11309,12158,23434,11282,12152,-33,-27,-6
1168070000,2023-03-31,서울특별시,강남구,세곡동,43259,20346,22913,43784,20566,23218,525,220,305
1168072000,2023-03-31,서울특별시,강남구,일원본동,22972,11370,11602,22882,11331,11551,-90,-39,-51
1168073000,2023-03-31,서울특별시,강남구,일원1동,14843,7202,7641,14749,7158,7591,-94,-44,-50
1168075000,2023-03-31,서울특별시,강남구,수서동,14274,6435,7839,14205,6407,7798,-69,-28,-41
1171051000,2023-03-31,서울특별시,송파구,풍납1동,12311,6035,6276,12254,6006,6248,-57,-29,-28
1171052000,2023-03-31,서울특별시,송파구,풍납2동,24157,11443,12714,24130,11422,12708,-27,-21,-6
1171053100,2023-03-31,서울특별시,송파구,거여1동,12181,6131,6050,12187,6122,6065,6,-9,15
1171053200,2023-03-31,서울특별시,송파구,거여2동,23671,11555,12116,23662,11543,12119,-9,-12,3
1171054000,2023-03-31,서울특별시,송파구,마천1동,18442,9456,8986,18381,9435,8946,-61,-21,-40
1171055000,2023-03-31,서울특별시,송파구,마천2동,17953,9197,8756,17928,9187,8741,-25,-10,-15
1171056100,2023-03-31,서울특별시,송파구,방이1동,15303,7391,7912,15244,7369,7875,-59,-22,-37
1171056200,2023-03-31,서울특별시,송파구,방이2동,25913,11871,14042,25977,11880,14097,64,9,55
1171056600,2023-03-31,서울특별시,송파구,오륜동,17772,8675,9097,17750,8664,9086,-22,-11,-11
1171057000,2023-03-31,서울특별시,송파구,오금동,37756,18323,19433,37710,18297,19413,-46,-26,-20
1171058000,2023-03-31,서울특별시,송파구,송파1동,23626,11030,12596,23558,11006,12552,-68,-24,-44
1171059000,2023-03-31,서울특별시,송파구,송파2동,18799,9036,9763,18795,9049,9746,-4,13,-17
1171060000,2023-03-31,서울특별시,송파구,석촌동,31095,14763,16332,31062,14735,16327,-33,-28,-5
1171061000,2023-03-31,서울특별시,송파구,삼전동,29411,13694,15717,29347,13648,15699,-64,-46,-18
1171062000,2023-03-31,서울특별시,송파구,가락본동,25598,12680,12918,25520,12655,12865,-78,-25,-53
1171063100,2023-03-31,서울특별시,송파구,가락1동,27478,13318,14160,27451,13300,14151,-27,-18,-9
1171063200,2023-03-31,서울특별시,송파구,가락2동,31528,15407,16121,31402,15337,16065,-126,-70,-56
1171064100,2023-03-31,서울특별시,송파구,문정1동,19693,9722,9971,19621,9658,9963,-72,-64,-8
1171064200,2023-03-31,서울특별시,송파구,문정2동,28735,13143,15592,28705,13137,15568,-30,-6,-24
1171064600,2023-03-31,서울특별시,송파구,장지동,28910,13931,14979,28895,13919,14976,-15,-12,-3
1171064700,2023-03-31,서울특별시,송파구,위례동,44569,21726,22843,44579,21703,22876,10,-23,33
1171065000,2023-03-31,서울특별시,송파구,잠실본동,27854,13275,14579,27857,13276,14581,3,1,2
1171067000,2023-03-31,서울특별시,송파구,잠실2동,34875,16646,18229,34887,16661,18226,12,15,-3
1171068000,2023-03-31,서울특별시,송파구,잠실3동,34041,16138,17903,34000,16140,17860,-41,2,-43
1171069000,2023-03-31,서울특별시,송파구,잠실4동,21184,10200,10984,21177,10200,10977,-7,0,-7
1171071000,2023-03-31,서울특별시,송파구,잠실6동,16571,7850,8721,16508,7835,8673,-63,-15,-48
1171072000,2023-03-31,서울특별시,송파구,잠실7동,9442,4388,5054,9419,4380,5039,-23,-8,-15
1174051500,2023-03-31,서울특별시,강동구,강일동,32900,15799,17101,32888,15783,17105,-12,-16,4
1174052500,2023-03-31,서울특별시,강동구,상일제1동,39247,19281,19966,39285,19312,19973,38,31,7
1174052600,2023-03-31,서울특별시,강동구,상일제2동,11941,5563,6378,11963,5578,6385,22,15,7
1174053000,2023-03-31,서울특별시,강동구,명일제1동,25449,12391,13058,25484,12413,13071,35,22,13
1174054000,2023-03-31,서울특별시,강동구,명일제2동,17259,8412,8847,17248,8398,8850,-11,-14,3
1174055000,2023-03-31,서울특별시,강동구,고덕제1동,23847,12116,11731,23826,12119,11707,-21,3,-24
1174056000,2023-03-31,서울특별시,강동구,고덕제2동,22729,11472,11257,22739,11462,11277,10,-10,20
1174057000,2023-03-31,서울특별시,강동구,암사제1동,34046,16845,17201,34034,16826,17208,-12,-19,7
1174058000,2023-03-31,서울특별시,강동구,암사제2동,14940,7218,7722,14967,7239,7728,27,21,6
1174059000,2023-03-31,서울특별시,강동구,암사제3동,17478,8549,8929,17459,8529,8930,-19,-20,1
1174060000,2023-03-31,서울특별시,강동구,천호제1동,26419,13000,13419,26359,12964,13395,-60,-36,-24
1174061000,2023-03-31,서울특별시,강동구,천호제2동,33237,16238,16999,33213,16234,16979,-24,-4,-20
1174062000,2023-03-31,서울특별시,강동구,천호제3동,26276,12693,13583,26280,12692,13588,4,-1,5
1174064000,2023-03-31,서울특별시,강동구,성내제1동,19654,9451,10203,19627,9428,10199,-27,-23,-4
1174065000,2023-03-31,서울특별시,강동구,성내제2동,22912,11267,11645,22875,11260,11615,-37,-7,-30
1174066000,2023-03-31,서울특별시,강동구,성내제3동,22793,11160,11633,22676,11091,11585,-117,-69,-48
1174068500,2023-03-31,서울특별시,강동구,길동,44947,21930,23017,44889,21901,22988,-58,-29,-29
1174069000,2023-03-31,서울특별시,강동구,둔촌제1동,64,35,29,65,36,29,1,1,0
1174070000,2023-03-31,서울특별시,강동구,둔촌제2동,24142,11860,12282,24105,11826,12279,-37,-34,-3
2611051000,2023-03-31,부산광역시,중구,중앙동,3136,1447,1689,3123,1451,1672,-13,4,-17
2611052000,2023-03-31,부산광역시,중구,동광동,2539,1291,1248,2557,1298,1259,18,7,11
2611053000,2023-03-31,부산광역시,중구,대청동,6056,2840,3216,6014,2818,3196,-42,-22,-20
2611054500,2023-03-31,부산광역시,중구,보수동,10463,5005,5458,10451,4990,5461,-12,-15,3
2611056000,2023-03-31,부산광역시,중구,부평동,4363,2068,2295,4348,2061,2287,-15,-7,-8
2611057000,2023-03-31,부산광역시,중구,광복동,928,476,452,927,476,451,-1,0,-1
2611058000,2023-03-31,부산광역시,중구,남포동,859,501,358,849,498,351,-10,-3,-7
2611059000,2023-03-31,부산광역시,중구,영주제1동,4537,2301,2236,4514,2293,2221,-23,-8,-15
2611060000,2023-03-31,부산광역시,중구,영주제2동,6830,3304,3526,6806,3287,3519,-24,-17,-7
2614051000,2023-03-31,부산광역시,서구,동대신제1동,5479,2685,2794,5492,2687,2805,13,2,11
2614052000,2023-03-31,부산광역시,서구,동대신제2동,6918,3361,3557,6897,3344,3553,-21,-17,-4
2614053000,2023-03-31,부산광역시,서구,동대신제3동,7538,3543,3995,7549,3542,4007,11,-1,12
2614054000,2023-03-31,부산광역시,서구,서대신제1동,14899,7049,7850,14881,7051,7830,-18,2,-20
2614056000,2023-03-31,부산광역시,서구,서대신제3동,7596,3457,4139,7582,3449,4133,-14,-8,-6
2614057000,2023-03-31,부산광역시,서구,서대신제4동,7411,3572,3839,7363,3540,3823,-48,-32,-16
2614059000,2023-03-31,부산광역시,서구,부민동,7402,3525,3877,7381,3506,3875,-21,-19,-2
2614061500,2023-03-31,부산광역시,서구,아미동,6145,3094,3051,6109,3070,3039,-36,-24,-12
2614063000,2023-03-31,부산광역시,서구,초장동,4038,2037,2001,4035,2031,2004,-3,-6,3
2614064000,2023-03-31,부산광역시,서구,충무동,9739,4602,5137,9719,4591,5128,-20,-11,-9
2614065000,2023-03-31,부산광역시,서구,남부민제1동,4680,2387,2293,4669,2378,2291,-11,-9,-2
2614066000,2023-03-31,부산광역시,서구,남부민제2동,8461,4208,4253,8424,4186,4238,-37,-22,-15
2614068000,2023-03-31,부산광역시,서구,암남동,14646,7118,7528,14697,7128,7569,51,10,41
2617051000,2023-03-31,부산광역시,동구,초량제1동,4914,2474,2440,4898,2467,2431,-16,-7,-9
2617052000,2023-03-31,부산광역시,동구,초량제2동,5470,2723,2747,5445,2706,2739,-25,-17,-8
2617053000,2023-03-31,부산광역시,동구,초량제3동,12931,6242,6689,12920,6235,6685,-11,-7,-4
2617055000,2023-03-31,부산광역시,동구,초량제6동,5565,2707,2858,5545,2693,2852,-20,-14,-6
2617056000,2023-03-31,부산광역시,동구,수정제1동,4013,1948,2065,4004,1945,2059,-9,-3,-6
2617057000,2023-03-31,부산광역시,동구,수정제2동,9482,4508,4974,9466,4503,4963,-16,-5,-11
2617059000,2023-03-31,부산광역시,동구,수정제4동,3677,1812,1865,3658,1798,1860,-19,-14,-5
2617060000,2023-03-31,부산광역시,동구,수정제5동,5002,2397,2605,4984,2383,2601,-18,-14,-4
2617064500,2023-03-31,부산광역시,동구,좌천동,11611,5640,5971,11600,5635,5965,-11,-5,-6
2617065000,2023-03-31,부산광역시,동구,범일제1동,11348,5574,5774,11329,5570,5759,-19,-4,-15
2617066000,2023-03-31,부산광역시,동구,범일제2동,7761,3880,3881,7784,3888,3896,23,8,15
2617068000,2023-03-31,부산광역시,동구,범일제5동,4214,2068,2146,4206,2066,2140,-8,-2,-6
2620053000,2023-03-31,부산광역시,영도구,남항동,10576,5301,5275,10554,5286,5268,-22,-15,-7
2620054000,2023-03-31,부산광역시,영도구,영선제1동,3837,1834,2003,3818,1822,1996,-19,-12,-7
2620055000,2023-03-31,부산광역시,영도구,영선제2동,7825,3797,4028,7803,3786,4017,-22,-11,-11
2620058500,2023-03-31,부산광역시,영도구,신선동,7758,3881,3877,7724,3854,3870,-34,-27,-7
2620059000,2023-03-31,부산광역시,영도구,봉래제1동,6486,3211,3275,6454,3197,3257,-32,-14,-18
2620060500,2023-03-31,부산광역시,영도구,봉래제2동,7585,3688,3897,7597,3693,3904,12,5,7
2620063000,2023-03-31,부산광역시,영도구,청학제1동,5735,2802,2933,5730,2797,2933,-5,-5,0
2620064000,2023-03-31,부산광역시,영도구,청학제2동,17285,8532,8753,17266,8515,8751,-19,-17,-2
2620065000,2023-03-31,부산광역시,영도구,동삼제1동,26583,12954,13629,26538,12930,13608,-45,-24,-21
2620066000,2023-03-31,부산광역시,영도구,동삼제2동,4827,2522,2305,4884,2546,2338,57,24,33
2620067000,2023-03-31,부산광역시,영도구,동삼제3동,9286,4517,4769,9264,4516,4748,-22,-1,-21
2623051000,2023-03-31,부산광역시,부산진구,부전제1동,15880,7894,7986,15873,7860,8013,-7,-34,27
2623052000,2023-03-31,부산광역시,부산진구,부전제2동,10808,5318,5490,10833,5338,5495,25,20,5
2623054000,2023-03-31,부산광역시,부산진구,연지동,25148,11989,13159,25294,12054,13240,146,65,81
2623055000,2023-03-31,부산광역시,부산진구,초읍동,21130,10166,10964,21054,10127,10927,-76,-39,-37
2623056000,2023-03-31,부산광역시,부산진구,양정제1동,19222,8999,10223,19185,8973,10212,-37,-26,-11
2623057000,2023-03-31,부산광역시,부산진구,양정제2동,11717,5349,6368,11678,5348,6330,-39,-1,-38
2623060000,2023-03-31,부산광역시,부산진구,전포제1동,21109,10130,10979,21086,10111,10975,-23,-19,-4
2623061000,2023-03-31,부산광역시,부산진구,전포제2동,23141,10802,12339,23246,10851,12395,105,49,56
2623064000,2023-03-31,부산광역시,부산진구,부암제1동,23218,11266,11952,23348,11321,12027,130,55,75
2623066000,2023-03-31,부산광역시,부산진구,부암제3동,16878,8263,8615,16820,8244,8576,-58,-19,-39
2623067000,2023-03-31,부산광역시,부산진구,당감제1동,22084,10502,11582,21975,10450,11525,-109,-52,-57
2623068000,2023-03-31,부산광역시,부산진구,당감제2동,9993,4731,5262,9988,4729,5259,-5,-2,-3
2623070000,2023-03-31,부산광역시,부산진구,당감제4동,10933,5302,5631,10921,5301,5620,-12,-1,-11
2623071000,2023-03-31,부산광역시,부산진구,가야제1동,18370,9199,9171,18333,9184,9149,-37,-15,-22
2623072000,2023-03-31,부산광역시,부산진구,가야제2동,18089,8743,9346,18147,8786,9361,58,43,15
2623074000,2023-03-31,부산광역시,부산진구,개금제1동,17327,8359,8968,17796,8591,9205,469,232,237
2623075000,2023-03-31,부산광역시,부산진구,개금제2동,10433,5070,5363,10394,5049,5345,-39,-21,-18
2623076000,2023-03-31,부산광역시,부산진구,개금제3동,27595,13244,14351,27471,13181,14290,-124,-63,-61
2623077000,2023-03-31,부산광역시,부산진구,범천제1동,12489,5826,6663,12474,5821,6653,-15,-5,-10
2623078000,2023-03-31,부산광역시,부산진구,범천제2동,21781,10547,11234,21710,10495,11215,-71,-52,-19
2626051000,2023-03-31,부산광역시,동래구,수민동,31505,15241,16264,31441,15188,16253,-64,-53,-11
2626052000,2023-03-31,부산광역시,동래구,복산동,8919,4350,4569,8892,4335,4557,-27,-15,-12
2626054500,2023-03-31,부산광역시,동래구,명륜동,26414,12959,13455,26407,12945,13462,-7,-14,7
2626055000,2023-03-31,부산광역시,동래구,온천제1동,23212,10890,12322,23521,11025,12496,309,135,174
2626056000,2023-03-31,부산광역시,동래구,온천제2동,24389,11719,12670,24404,11728,12676,15,9,6
2626057000,2023-03-31,부산광역시,동래구,온천제3동,37650,18306,19344,37549,18242,19307,-101,-64,-37
2626058000,2023-03-31,부산광역시,동래구,사직제1동,10312,4944,5368,10291,4943,5348,-21,-1,-20
2626059000,2023-03-31,부산광역시,동래구,사직제2동,25412,12176,13236,25333,12143,13190,-79,-33,-46
2626060000,2023-03-31,부산광역시,동래구,사직제3동,17096,8440,8656,17082,8442,8640,-14,2,-16
2626074000,2023-03-31,부산광역시,동래구,안락제1동,14061,6917,7144,14039,6907,7132,-22,-10,-12
2626075000,2023-03-31,부산광역시,동래구,안락제2동,26319,12737,13582,26272,12704,13568,-47,-33,-14
2626076100,2023-03-31,부산광역시,동래구,명장제1동,13774,6646,7128,13749,6616,7133,-25,-30,5
2626076200,2023-03-31,부산광역시,동래구,명장제2동,14288,6964,7324,14215,6928,7287,-73,-36,-37
2629051000,2023-03-31,부산광역시,남구,대연제1동,15873,8045,7828,15905,8061,7844,32,16,16
2629053000,2023-03-31,부산광역시,남구,대연제3동,33185,16265,16920,33312,16338,16974,127,73,54
2629054000,2023-03-31,부산광역시,남구,대연제4동,11952,5813,6139,11945,5811,6134,-7,-2,-5
2629055000,2023-03-31,부산광역시,남구,대연제5동,16807,8052,8755,16779,8040,8739,-28,-12,-16
2629056000,2023-03-31,부산광역시,남구,대연제6동,14871,7134,7737,14856,7137,7719,-15,3,-18
2629057000,2023-03-31,부산광역시,남구,용호제1동,43012,20611,22401,42904,20539,22365,-108,-72,-36
2629058000,2023-03-31,부산광역시,남구,용호제2동,18386,8940,9446,18760,9112,9648,374,172,202
2629059000,2023-03-31,부산광역시,남구,용호제3동,11536,5567,5969,11493,5556,5937,-43,-11,-32
2629060000,2023-03-31,부산광역시,남구,용호제4동,8015,3848,4167,7975,3817,4158,-40,-31,-9
2629061000,2023-03-31,부산광역시,남구,용당동,8007,4037,3970,7963,4028,3935,-44,-9,-35
2629062000,2023-03-31,부산광역시,남구,감만제1동,10198,5214,4984,9986,5105,4881,-212,-109,-103
2629063000,2023-03-31,부산광역시,남구,감만제2동,6685,3279,3406,6676,3269,3407,-9,-10,1
2629064500,2023-03-31,부산광역시,남구,우암동,12600,6173,6427,12590,6165,6425,-10,-8,-2
2629068000,2023-03-31,부산광역시,남구,문현제1동,11619,5697,5922,11503,5640,5863,-116,-57,-59
2629069000,2023-03-31,부산광역시,남구,문현제2동,8129,4040,4089,8106,4028,4078,-23,-12,-11
2629070000,2023-03-31,부산광역시,남구,문현제3동,16714,8122,8592,16691,8102,8589,-23,-20,-3
2629071000,2023-03-31,부산광역시,남구,문현제4동,8782,4271,4511,8888,4323,4565,106,52,54
2632051000,2023-03-31,부산광역시,북구,구포제1동,15897,7940,7957,15896,7950,7946,-1,10,-11
2632052000,2023-03-31,부산광역시,북구,구포제2동,24429,12469,11960,24341,12424,11917,-88,-45,-43
2632052100,2023-03-31,부산광역시,북구,구포제3동,18905,9729,9176,18847,9700,9147,-58,-29,-29
2632053000,2023-03-31,부산광역시,북구,금곡동,36616,17677,18939,36586,17651,18935,-30,-26,-4
2632054100,2023-03-31,부산광역시,북구,화명제1동,40428,19701,20727,40399,19715,20684,-29,14,-43
2632054200,2023-03-31,부산광역시,북구,화명제2동,17485,8512,8973,17487,8514,8973,2,2,0
2632054300,2023-03-31,부산광역시,북구,화명제3동,28786,14046,14740,28766,14031,14735,-20,-15,-5
2632055000,2023-03-31,부산광역시,북구,덕천제1동,11778,5790,5988,11840,5819,6021,62,29,33
2632056000,2023-03-31,부산광역시,북구,덕천제2동,11575,5780,5795,11546,5756,5790,-29,-24,-5
2632056100,2023-03-31,부산광역시,북구,덕천제3동,10403,5043,5360,10371,5020,5351,-32,-23,-9
2632057100,2023-03-31,부산광역시,북구,만덕제1동,16635,8126,8509,16634,8118,8516,-1,-8,7
2632057200,2023-03-31,부산광역시,북구,만덕제2동,26968,13193,13775,26937,13168,13769,-31,-25,-6
2632057300,2023-03-31,부산광역시,북구,만덕제3동,18154,8819,9335,18106,8804,9302,-48,-15,-33
2635051000,2023-03-31,부산광역시,해운대구,우제1동,22077,10439,11638,22155,10493,11662,78,54,24
2635052000,2023-03-31,부산광역시,해운대구,우제2동,30213,14307,15906,30182,14295,15887,-31,-12,-19
2635052500,2023-03-31,부산광역시,해운대구,우제3동,28267,13356,14911,28171,13311,14860,-96,-45,-51
2635053000,2023-03-31,부산광역시,해운대구,중제1동,27387,13100,14287,27364,13088,14276,-23,-12,-11
2635054000,2023-03-31,부산광역시,해운대구,중제2동,15502,7411,8091,15426,7376,8050,-76,-35,-41
2635055100,2023-03-31,부산광역시,해운대구,좌제1동,17606,8175,9431,17565,8167,9398,-41,-8,-33
2635055200,2023-03-31,부산광역시,해운대구,좌제2동,31192,14404,16788,31129,14367,16762,-63,-37,-26
2635055300,2023-03-31,부산광역시,해운대구,좌제3동,15590,7336,8254,15558,7312,8246,-32,-24,-8
2635055400,2023-03-31,부산광역시,해운대구,좌제4동,22492,10659,11833,22418,10622,11796,-74,-37,-37
2635056000,2023-03-31,부산광역시,해운대구,송정동,9565,4610,4955,9562,4603,4959,-3,-7,4
2635057000,2023-03-31,부산광역시,해운대구,반여제1동,34582,16992,17590,34592,16996,17596,10,4,6
2635058000,2023-03-31,부산광역시,해운대구,반여제2동,12109,5871,6238,12069,5854,6215,-40,-17,-23
2635059000,2023-03-31,부산광역시,해운대구,반여제3동,8156,3989,4167,8127,3970,4157,-29,-19,-10
2635059500,2023-03-31,부산광역시,해운대구,반여제4동,15186,7454,7732,15161,7443,7718,-25,-11,-14
2635061000,2023-03-31,부산광역시,해운대구,반송제1동,13090,6540,6550,13066,6536,6530,-24,-4,-20
2635062000,2023-03-31,부산광역시,해운대구,반송제2동,22188,10786,11402,22140,10760,11380,-48,-26,-22
2635065000,2023-03-31,부산광역시,해운대구,재송제1동,36975,18151,18824,36853,18066,18787,-122,-85,-37
2635066000,2023-03-31,부산광역시,해운대구,재송제2동,23339,11303,12036,23328,11296,12032,-11,-7,-4
2638051000,2023-03-31,부산광역시,사하구,괴정제1동,18652,8904,9748,18602,8882,9720,-50,-22,-28
2638052000,2023-03-31,부산광역시,사하구,괴정제2동,15405,7461,7944,15334,7422,7912,-71,-39,-32
2638053000,2023-03-31,부산광역시,사하구,괴정제3동,11969,5702,6267,11934,5680,6254,-35,-22,-13
2638054000,2023-03-31,부산광역시,사하구,괴정제4동,13628,6677,6951,14239,6984,7255,611,307,304
2638055000,2023-03-31,부산광역시,사하구,당리동,25320,12329,12991,25124,12218,12906,-196,-111,-85
2638056100,2023-03-31,부산광역시,사하구,하단제1동,21575,10766,10809,21542,10741,10801,-33,-25,-8
2638056200,2023-03-31,부산광역시,사하구,하단제2동,25239,12710,12529,25275,12719,12556,36,9,27
2638057100,2023-03-31,부산광역시,사하구,신평제1동,16138,8309,7829,16076,8279,7797,-62,-30,-32
2638057200,2023-03-31,부산광역시,사하구,신평제2동,17489,8712,8777,17439,8678,8761,-50,-34,-16
2638058000,2023-03-31,부산광역시,사하구,장림제1동,10406,5379,5027,10354,5351,5003,-52,-28,-24
2638059000,2023-03-31,부산광역시,사하구,장림제2동,26538,13474,13064,26479,13456,13023,-59,-18,-41
2638060100,2023-03-31,부산광역시,사하구,다대제1동,37449,18711,18738,37349,18662,18687,-100,-49,-51
2638060200,2023-03-31,부산광역시,사하구,다대제2동,26276,12906,13370,26252,12898,13354,-24,-8,-16
2638061000,2023-03-31,부산광역시,사하구,구평동,12691,6476,6215,12689,6477,6212,-2,1,-3
2638062000,2023-03-31,부산광역시,사하구,감천제1동,17713,8717,8996,17641,8673,8968,-72,-44,-28
2638063000,2023-03-31,부산광역시,사하구,감천제2동,5603,2838,2765,5600,2833,2767,-3,-5,2
2641051000,2023-03-31,부산광역시,금정구,서제1동,4911,2563,2348,4870,2544,2326,-41,-19,-22
2641052000,2023-03-31,부산광역시,금정구,서제2동,8729,4364,4365,8714,4355,4359,-15,-9,-6
2641053000,2023-03-31,부산광역시,금정구,서제3동,10753,5364,5389,10709,5335,5374,-44,-29,-15
2641055500,2023-03-31,부산광역시,금정구,금사회동동,7530,3957,3573,7523,3949,3574,-7,-8,1
2641057000,2023-03-31,부산광역시,금정구,부곡제1동,7945,3829,4116,7905,3813,4092,-40,-16,-24
2641058000,2023-03-31,부산광역시,금정구,부곡제2동,17542,8323,9219,17512,8301,9211,-30,-22,-8
2641059000,2023-03-31,부산광역시,금정구,부곡제3동,15259,7278,7981,15250,7279,7971,-9,1,-10
2641059100,2023-03-31,부산광역시,금정구,부곡제4동,12325,5908,6417,12302,5898,6404,-23,-10,-13
2641060000,2023-03-31,부산광역시,금정구,장전제1동,17989,9435,8554,18052,9452,8600,63,17,46
2641061000,2023-03-31,부산광역시,금정구,장전제2동,25959,12545,13414,25976,12554,13422,17,9,8
2641063500,2023-03-31,부산광역시,금정구,선두구동,2218,1179,1039,2203,1174,1029,-15,-5,-10
2641066500,2023-03-31,부산광역시,금정구,청룡노포동,9678,4726,4952,9649,4718,4931,-29,-8,-21
2641067000,2023-03-31,부산광역시,금정구,남산동,27386,13317,14069,27361,13312,14049,-25,-5,-20
2641068000,2023-03-31,부산광역시,금정구,구서제1동,19114,9041,10073,19096,9019,10077,-18,-22,4
2641069000,2023-03-31,부산광역시,금정구,구서제2동,31891,15256,16635,31838,15234,16604,-53,-22,-31
2641070000,2023-03-31,부산광역시,금정구,금성동,994,483,511,976,478,498,-18,-5,-13
2644051000,2023-03-31,부산광역시,강서구,대저1동,6151,3391,2760,6132,3388,2744,-19,-3,-16
2644052000,2023-03-31,부산광역시,강서구,대저2동,6896,3883,3013,6896,3878,3018,0,-5,5
2644053000,2023-03-31,부산광역시,강서구,강동동,4047,2160,1887,4041,2161,1880,-6,1,-7
2644053500,2023-03-31,부산광역시,강서구,명지1동,53770,27011,26759,53913,27038,26875,143,27,116
2644054500,2023-03-31,부산광역시,강서구,명지2동,30141,15058,15083,30113,15034,15079,-28,-24,-4
2644055000,2023-03-31,부산광역시,강서구,가락동,2243,1203,1040,2228,1192,1036,-15,-11,-4
2644056000,2023-03-31,부산광역시,강서구,녹산동,35492,19193,16299,35441,19182,16259,-51,-11,-40
2644058000,2023-03-31,부산광역시,강서구,가덕도동,4146,2199,1947,4171,2206,1965,25,7,18
2647061000,2023-03-31,부산광역시,연제구,거제제1동,28298,13603,14695,28267,13595,14672,-31,-8,-23
2647062000,2023-03-31,부산광역시,연제구,거제제2동,12083,5718,6365,12375,5856,6519,292,138,154
2647063000,2023-03-31,부산광역시,연제구,거제제3동,9635,4554,5081,9614,4540,5074,-21,-14,-7
2647064000,2023-03-31,부산광역시,연제구,거제제4동,9968,4869,5099,9923,4846,5077,-45,-23,-22
2647065000,2023-03-31,부산광역시,연제구,연산제1동,16436,8016,8420,16442,8029,8413,6,13,-7
2647066000,2023-03-31,부산광역시,연제구,연산제2동,20007,9546,10461,19974,9515,10459,-33,-31,-2
2647067000,2023-03-31,부산광역시,연제구,연산제3동,10839,5221,5618,10868,5241,5627,29,20,9
2647068000,2023-03-31,부산광역시,연제구,연산제4동,15781,7556,8225,15766,7548,8218,-15,-8,-7
2647069000,2023-03-31,부산광역시,연제구,연산제5동,16347,7744,8603,16389,7762,8627,42,18,24
2647070000,2023-03-31,부산광역시,연제구,연산제6동,16204,7772,8432,16169,7747,8422,-35,-25,-10
2647072000,2023-03-31,부산광역시,연제구,연산제8동,13671,6665,7006,13630,6637,6993,-41,-28,-13
2647073000,2023-03-31,부산광역시,연제구,연산제9동,33779,16049,17730,33698,16014,17684,-81,-35,-46
2650066000,2023-03-31,부산광역시,수영구,남천제1동,15796,7277,8519,15841,7287,8554,45,10,35
2650067000,2023-03-31,부산광역시,수영구,남천제2동,12130,5619,6511,12520,5815,6705,390,196,194
2650073000,2023-03-31,부산광역시,수영구,수영동,14181,6757,7424,14166,6755,7411,-15,-2,-13
2650074000,2023-03-31,부산광역시,수영구,망미제1동,26943,12804,14139,26936,12796,14140,-7,-8,1
2650075000,2023-03-31,부산광역시,수영구,망미제2동,10339,5051,5288,10297,5040,5257,-42,-11,-31
2650076000,2023-03-31,부산광역시,수영구,광안제1동,25837,11974,13863,25842,11952,13890,5,-22,27
2650077000,2023-03-31,부산광역시,수영구,광안제2동,18713,8660,10053,18626,8608,10018,-87,-52,-35
2650078000,2023-03-31,부산광역시,수영구,광안제3동,9585,4449,5136,9591,4441,5150,6,-8,14
2650079000,2023-03-31,부산광역시,수영구,광안제4동,13534,6122,7412,13526,6120,7406,-8,-2,-6
2650080000,2023-03-31,부산광역시,수영구,민락동,28121,13540,14581,28043,13508,14535,-78,-32,-46
2653058000,2023-03-31,부산광역시,사상구,삼락동,5508,2903,2605,5489,2894,2595,-19,-9,-10
2653059100,2023-03-31,부산광역시,사상구,모라제1동,27143,13519,13624,27120,13521,13599,-23,2,-25
2653059300,2023-03-31,부산광역시,사상구,모라제3동,9718,4590,5128,9686,4577,5109,-32,-13,-19
2653060000,2023-03-31,부산광역시,사상구,덕포제1동,8348,4247,4101,8297,4226,4071,-51,-21,-30
2653061000,2023-03-31,부산광역시,사상구,덕포제2동,12510,6323,6187,12495,6321,6174,-15,-2,-13
2653062000,2023-03-31,부산광역시,사상구,괘법동,24145,12474,11671,24355,12562,11793,210,88,122
2653064500,2023-03-31,부산광역시,사상구,감전동,12701,6713,5988,12646,6685,5961,-55,-28,-27
2653065000,2023-03-31,부산광역시,사상구,주례제1동,16563,8383,8180,16584,8391,8193,21,8,13
2653066000,2023-03-31,부산광역시,사상구,주례제2동,22083,11070,11013,22061,11059,11002,-22,-11,-11
2653066100,2023-03-31,부산광역시,사상구,주례제3동,12553,6122,6431,12503,6101,6402,-50,-21,-29
2653067000,2023-03-31,부산광역시,사상구,학장동,27241,13503,13738,27161,13473,13688,-80,-30,-50
2653068000,2023-03-31,부산광역시,사상구,엄궁동,25172,12571,12601,25058,12501,12557,-114,-70,-44
2671025000,2023-03-31,부산광역시,기장군,기장읍,53191,25926,27265,53021,25868,27153,-170,-58,-112
2671025300,2023-03-31,부산광역시,기장군,장안읍,8803,4749,4054,8836,4770,4066,33,21,12
2671025600,2023-03-31,부산광역시,기장군,정관읍,81091,40125,40966,80890,40038,40852,-201,-87,-114
2671025900,2023-03-31,부산광역시,기장군,일광읍,28453,14037,14416,28616,14121,14495,163,84,79
2671033000,2023-03-31,부산광역시,기장군,철마면,7790,3957,3833,7785,3961,3824,-5,4,-9
2711051700,2023-03-31,대구광역시,중구,동인동,8194,4087,4107,8305,4139,4166,111,52,59
2711054500,2023-03-31,대구광역시,중구,삼덕동,6407,3062,3345,6357,3044,3313,-50,-18,-32
2711056500,2023-03-31,대구광역시,중구,성내1동,4826,2313,2513,4820,2300,2520,-6,-13,7
2711057500,2023-03-31,대구광역시,중구,성내2동,4936,2483,2453,5031,2533,2498,95,50,45
2711058500,2023-03-31,대구광역시,중구,성내3동,4869,2448,2421,4861,2444,2417,-8,-4,-4
2711059500,2023-03-31,대구광역시,중구,대신동,7497,3635,3862,7448,3602,3846,-49,-33,-16
2711064000,2023-03-31,대구광역시,중구,남산1동,4436,2114,2322,4380,2081,2299,-56,-33,-23
2711065000,2023-03-31,대구광역시,중구,남산2동,7243,3439,3804,7304,3470,3834,61,31,30
2711066000,2023-03-31,대구광역시,중구,남산3동,6420,2961,3459,6369,2923,3446,-51,-38,-13
2711067000,2023-03-31,대구광역시,중구,남산4동,14396,6753,7643,15422,7237,8185,1026,484,542
2711068000,2023-03-31,대구광역시,중구,대봉1동,7844,3668,4176,7832,3661,4171,-12,-7,-5
2711069000,2023-03-31,대구광역시,중구,대봉2동,4723,2270,2453,4706,2257,2449,-17,-13,-4
2714051000,2023-03-31,대구광역시,동구,신암1동,8863,4437,4426,8826,4417,4409,-37,-20,-17
2714052000,2023-03-31,대구광역시,동구,신암2동,10122,4791,5331,10106,4778,5328,-16,-13,-3
2714053000,2023-03-31,대구광역시,동구,신암3동,11366,5579,5787,11331,5560,5771,-35,-19,-16
2714054000,2023-03-31,대구광역시,동구,신암4동,11023,5487,5536,10938,5436,5502,-85,-51,-34
2714054100,2023-03-31,대구광역시,동구,신암5동,6161,2921,3240,7025,3335,3690,864,414,450
2714055500,2023-03-31,대구광역시,동구,신천1.2동,12374,5827,6547,12343,5812,6531,-31,-15,-16
2714057000,2023-03-31,대구광역시,동구,신천3동,14710,7272,7438,14684,7262,7422,-26,-10,-16
2714058000,2023-03-31,대구광역시,동구,신천4동,8324,4098,4226,8329,4105,4224,5,7,-2
2714059000,2023-03-31,대구광역시,동구,효목1동,13091,6473,6618,13079,6468,6611,-12,-5,-7
2714060000,2023-03-31,대구광역시,동구,효목2동,12710,6042,6668,12720,6051,6669,10,9,1
2714061500,2023-03-31,대구광역시,동구,도평동,3869,2087,1782,3861,2080,1781,-8,-7,-1
2714062000,2023-03-31,대구광역시,동구,불로.봉무동,20924,10270,10654,20884,10256,10628,-40,-14,-26
2714064000,2023-03-31,대구광역시,동구,지저동,14029,7008,7021,13989,6988,7001,-40,-20,-20
2714065500,2023-03-31,대구광역시,동구,동촌동,15203,7632,7571,15162,7599,7563,-41,-33,-8
2714067000,2023-03-31,대구광역시,동구,방촌동,18407,8882,9525,18350,8860,9490,-57,-22,-35
2714068500,2023-03-31,대구광역시,동구,해안동,14815,7433,7382,14711,7367,7344,-104,-66,-38
2714072000,2023-03-31,대구광역시,동구,안심1동,40976,19963,21013,40813,19866,20947,-163,-97,-66
2714073000,2023-03-31,대구광역시,동구,안심2동,11881,5914,5967,12044,5994,6050,163,80,83
2714074200,2023-03-31,대구광역시,동구,안심3동,21717,10552,11165,21665,10511,11154,-52,-41,-11
2714074700,2023-03-31,대구광역시,동구,안심4동,28211,13948,14263,28171,13936,14235,-40,-12,-28
2714075500,2023-03-31,대구광역시,동구,혁신동,18483,9121,9362,18420,9101,9319,-63,-20,-43
2714076000,2023-03-31,대구광역시,동구,공산동,21351,10442,10909,21331,10432,10899,-20,-10,-10
2717051000,2023-03-31,대구광역시,서구,내당1동,10092,4993,5099,10140,5013,5127,48,20,28
2717052500,2023-03-31,대구광역시,서구,내당2.3동,9221,4450,4771,9167,4420,4747,-54,-30,-24
2717054000,2023-03-31,대구광역시,서구,내당4동,15897,7615,8282,15857,7584,8273,-40,-31,-9
2717055000,2023-03-31,대구광역시,서구,비산1동,9251,4702,4549,9225,4687,4538,-26,-15,-11
2717056500,2023-03-31,대구광역시,서구,비산2.3동,8842,4317,4525,8806,4297,4509,-36,-20,-16
2717058000,2023-03-31,대구광역시,서구,비산4동,9424,4580,4844,9383,4552,4831,-41,-28,-13
2717059000,2023-03-31,대구광역시,서구,비산5동,5837,2965,2872,5802,2945,2857,-35,-20,-15
2717060000,2023-03-31,대구광역시,서구,비산6동,7298,3583,3715,7256,3565,3691,-42,-18,-24
2717061000,2023-03-31,대구광역시,서구,비산7동,9454,4994,4460,9412,4966,4446,-42,-28,-14
2717062000,2023-03-31,대구광역시,서구,평리1동,7510,3766,3744,7470,3750,3720,-40,-16,-24
2717063000,2023-03-31,대구광역시,서구,평리2동,7652,3719,3933,7637,3710,3927,-15,-9,-6
2717064000,2023-03-31,대구광역시,서구,평리3동,9529,4785,4744,9482,4755,4727,-47,-30,-17
2717065000,2023-03-31,대구광역시,서구,평리4동,17393,8638,8755,17344,8593,8751,-49,-45,-4
2717066000,2023-03-31,대구광역시,서구,평리5동,1633,876,757,1644,882,762,11,6,5
2717066100,2023-03-31,대구광역시,서구,평리6동,3285,1773,1512,3362,1814,1548,77,41,36
2717067500,2023-03-31,대구광역시,서구,상중이동,19387,9686,9701,19321,9655,9666,-66,-31,-35
2717069500,2023-03-31,대구광역시,서구,원대동,7263,3680,3583,7238,3669,3569,-25,-11,-14
2720051500,2023-03-31,대구광역시,남구,이천동,11453,5414,6039,11491,5429,6062,38,15,23
2720053000,2023-03-31,대구광역시,남구,봉덕1동,8776,4237,4539,8756,4222,4534,-20,-15,-5
2720054000,2023-03-31,대구광역시,남구,봉덕2동,12821,6063,6758,12925,6117,6808,104,54,50
2720055000,2023-03-31,대구광역시,남구,봉덕3동,15795,7473,8322,15748,7454,8294,-47,-19,-28
2720056000,2023-03-31,대구광역시,남구,대명1동,10829,5265,5564,10831,5265,5566,2,0,2
2720057100,2023-03-31,대구광역시,남구,대명2동,12021,5687,6334,12055,5705,6350,34,18,16
2720058600,2023-03-31,대구광역시,남구,대명3동,10429,5135,5294,10424,5131,5293,-5,-4,-1
2720059000,2023-03-31,대구광역시,남구,대명4동,10502,5075,5427,10448,5046,5402,-54,-29,-25
2720060000,2023-03-31,대구광역시,남구,대명5동,5874,2772,3102,5845,2754,3091,-29,-18,-11
2720061000,2023-03-31,대구광역시,남구,대명6동,11379,5455,5924,11356,5443,5913,-23,-12,-11
2720064000,2023-03-31,대구광역시,남구,대명9동,14909,7268,7641,14867,7228,7639,-42,-40,-2
2720065000,2023-03-31,대구광역시,남구,대명10동,8760,4132,4628,8688,4092,4596,-72,-40,-32
2720066000,2023-03-31,대구광역시,남구,대명11동,8214,3895,4319,8197,3878,4319,-17,-17,0
2723051000,2023-03-31,대구광역시,북구,고성동,4655,2240,2415,4638,2234,2404,-17,-6,-11
2723052600,2023-03-31,대구광역시,북구,칠성동,22946,10957,11989,22902,10944,11958,-44,-13,-31
2723055000,2023-03-31,대구광역시,북구,침산1동,3945,2099,1846,3928,2085,1843,-17,-14,-3
2723056000,2023-03-31,대구광역시,북구,침산2동,18319,8830,9489,18268,8800,9468,-51,-30,-21
2723057000,2023-03-31,대구광역시,북구,침산3동,19311,9279,10032,19225,9239,9986,-86,-40,-46
2723061000,2023-03-31,대구광역시,북구,산격1동,8733,4333,4400,8711,4320,4391,-22,-13,-9
2723062000,2023-03-31,대구광역시,북구,산격2동,10492,5110,5382,10475,5105,5370,-17,-5,-12
2723063000,2023-03-31,대구광역시,북구,산격3동,9180,4838,4342,9170,4846,4324,-10,8,-18
2723063100,2023-03-31,대구광역시,북구,산격4동,8141,4282,3859,8140,4268,3872,-1,-14,13
2723064500,2023-03-31,대구광역시,북구,대현동,16918,8516,8402,16913,8510,8403,-5,-6,1
2723067100,2023-03-31,대구광역시,북구,복현1동,7429,4139,3290,7446,4161,3285,17,22,-5
2723067200,2023-03-31,대구광역시,북구,복현2동,30914,15323,15591,30849,15289,15560,-65,-34,-31
2723068000,2023-03-31,대구광역시,북구,검단동,6233,3095,3138,6207,3084,3123,-26,-11,-15
2723069500,2023-03-31,대구광역시,북구,무태조야동,35721,18203,17518,35598,18152,17446,-123,-51,-72
2723071500,2023-03-31,대구광역시,북구,관문동,35652,17715,17937,35561,17661,17900,-91,-54,-37
2723072500,2023-03-31,대구광역시,북구,태전1동,21844,10920,10924,21842,10915,10927,-2,-5,3
2723073500,2023-03-31,대구광역시,북구,태전2동,23883,11675,12208,23848,11667,12181,-35,-8,-27
2723074500,2023-03-31,대구광역시,북구,구암동,34011,16652,17359,33927,16612,17315,-84,-40,-44
2723075000,2023-03-31,대구광역시,북구,관음동,15887,8026,7861,15837,7997,7840,-50,-29,-21
2723077000,2023-03-31,대구광역시,북구,읍내동,26004,12853,13151,25981,12841,13140,-23,-12,-11
2723078000,2023-03-31,대구광역시,북구,동천동,27258,13226,14032,27164,13178,13986,-94,-48,-46
2723079000,2023-03-31,대구광역시,북구,노원동,11054,5777,5277,11053,5766,5287,-1,-11,10
2723080000,2023-03-31,대구광역시,북구,국우동,30484,15062,15422,30434,15013,15421,-50,-49,-1
2726051000,2023-03-31,대구광역시,수성구,범어1동,16230,7708,8522,16221,7719,8502,-9,11,-20
2726052000,2023-03-31,대구광역시,수성구,범어2동,15045,7243,7802,15005,7210,7795,-40,-33,-7
2726053000,2023-03-31,대구광역시,수성구,범어3동,17135,8211,8924,17168,8230,8938,33,19,14
2726054000,2023-03-31,대구광역시,수성구,범어4동,19779,9743,10036,19728,9720,10008,-51,-23,-28
2726055000,2023-03-31,대구광역시,수성구,만촌1동,22117,10757,11360,22082,10750,11332,-35,-7,-28
2726056000,2023-03-31,대구광역시,수성구,만촌2동,10757,5360,5397,10719,5337,5382,-38,-23,-15
2726056100,2023-03-31,대구광역시,수성구,만촌3동,19609,10257,9352,19779,10345,9434,170,88,82
2726057000,2023-03-31,대구광역시,수성구,수성1가동,17270,7883,9387,17219,7854,9365,-51,-29,-22
2726058000,2023-03-31,대구광역시,수성구,수성2.3가동,11352,5503,5849,11343,5496,5847,-9,-7,-2
2726059000,2023-03-31,대구광역시,수성구,수성4가동,13855,6430,7425,13800,6402,7398,-55,-28,-27
2726060100,2023-03-31,대구광역시,수성구,황금1동,22895,10931,11964,22770,10874,11896,-125,-57,-68
2726060200,2023-03-31,대구광역시,수성구,황금2동,12046,5796,6250,12032,5776,6256,-14,-20,6
2726061000,2023-03-31,대구광역시,수성구,중동,12585,6233,6352,12641,6256,6385,56,23,33
2726062000,2023-03-31,대구광역시,수성구,상동,15621,7567,8054,15552,7520,8032,-69,-47,-22
2726063000,2023-03-31,대구광역시,수성구,파동,12017,5751,6266,11985,5737,6248,-32,-14,-18
2726064000,2023-03-31,대구광역시,수성구,두산동,14802,7189,7613,14793,7182,7611,-9,-7,-2
2726065100,2023-03-31,대구광역시,수성구,지산1동,20968,10020,10948,20844,9941,10903,-124,-79,-45
2726065200,2023-03-31,대구광역시,수성구,지산2동,17906,8438,9468,17855,8428,9427,-51,-10,-41
2726066100,2023-03-31,대구광역시,수성구,범물1동,10889,4914,5975,10847,4897,5950,-42,-17,-25
2726066200,2023-03-31,대구광역시,수성구,범물2동,16743,8078,8665,16715,8056,8659,-28,-22,-6
2726067000,2023-03-31,대구광역시,수성구,고산1동,31200,15111,16089,31165,15095,16070,-35,-16,-19
2726068000,2023-03-31,대구광역시,수성구,고산2동,27844,13736,14108,27723,13679,14044,-121,-57,-64
2726069000,2023-03-31,대구광역시,수성구,고산3동,32096,15435,16661,31991,15392,16599,-105,-43,-62
2729051500,2023-03-31,대구광역시,달서구,성당동,22543,10953,11590,22509,10935,11574,-34,-18,-16
2729053500,2023-03-31,대구광역시,달서구,두류1.2동,14904,7309,7595,15033,7356,7677,129,47,82
2729055000,2023-03-31,대구광역시,달서구,두류3동,8280,3988,4292,8390,4048,4342,110,60,50
2729055500,2023-03-31,대구광역시,달서구,감삼동,28738,13977,14761,28827,14028,14799,89,51,38
2729056300,2023-03-31,대구광역시,달서구,죽전동,12912,6370,6542,12877,6341,6536,-35,-29,-6
2729056800,2023-03-31,대구광역시,달서구,장기동,16568,8115,8453,16518,8088,8430,-50,-27,-23
2729057100,2023-03-31,대구광역시,달서구,용산1동,29830,14938,14892,29745,14885,14860,-85,-53,-32
2729057200,2023-03-31,대구광역시,달서구,용산2동,27537,13791,13746,27441,13747,13694,-96,-44,-52
2729057600,2023-03-31,대구광역시,달서구,이곡1동,22167,11088,11079,22060,11026,11034,-107,-62,-45
2729057700,2023-03-31,대구광역시,달서구,이곡2동,15788,7948,7840,15741,7926,7815,-47,-22,-25
2729058500,2023-03-31,대구광역시,달서구,신당동,30697,15567,15130,30704,15566,15138,7,-1,8
2729059000,2023-03-31,대구광역시,달서구,본리동,19741,9732,10009,19712,9715,9997,-29,-17,-12
2729060100,2023-03-31,대구광역시,달서구,월성1동,40646,19863,20783,40699,19906,20793,53,43,10
2729060200,2023-03-31,대구광역시,달서구,월성2동,15114,7143,7971,15093,7136,7957,-21,-7,-14
2729061500,2023-03-31,대구광역시,달서구,진천동,51567,25214,26353,51588,25213,26375,21,-1,22
2729061700,2023-03-31,대구광역시,달서구,유천동,33792,16639,17153,33822,16639,17183,30,0,30
2729062400,2023-03-31,대구광역시,달서구,상인1동,34805,16994,17811,34674,16922,17752,-131,-72,-59
2729062500,2023-03-31,대구광역시,달서구,상인2동,18855,9327,9528,18797,9303,9494,-58,-24,-34
2729062600,2023-03-31,대구광역시,달서구,상인3동,10705,5090,5615,10687,5080,5607,-18,-10,-8
2729062800,2023-03-31,대구광역시,달서구,도원동,34183,16484,17699,34074,16430,17644,-109,-54,-55
2729063000,2023-03-31,대구광역시,달서구,송현1동,18483,9174,9309,18401,9145,9256,-82,-29,-53
2729064000,2023-03-31,대구광역시,달서구,송현2동,17343,8310,9033,17262,8266,8996,-81,-44,-37
2729065000,2023-03-31,대구광역시,달서구,본동,11842,5845,5997,11829,5836,5993,-13,-9,-4
2771025000,2023-03-31,대구광역시,달성군,화원읍,46829,23226,23603,46817,23244,23573,-12,18,-30
2771025300,2023-03-31,대구광역시,달성군,논공읍,4557,2449,2108,4566,2451,2115,9,2,7
2771025400,2023-03-31,대구광역시,달성군,논공읍공단출장소,12567,6660,5907,12505,6638,5867,-62,-22,-40
2771025600,2023-03-31,대구광역시,달성군,다사읍,51626,25479,26147,51618,25464,26154,-8,-15,7
2771025700,2023-03-31,대구광역시,달성군,다사읍서재출장소,39883,20200,19683,39881,20198,19683,-2,-2,0
2771025900,2023-03-31,대구광역시,달성군,유가읍,29331,14886,14445,29325,14879,14446,-6,-7,1
2771026200,2023-03-31,대구광역시,달성군,옥포읍,24453,12301,12152,24385,12271,12114,-68,-30,-38
2771026500,2023-03-31,대구광역시,달성군,현풍읍,22853,12020,10833,22914,12064,10850,61,44,17
2771031000,2023-03-31,대구광역시,달성군,가창면,7602,3784,3818,7577,3774,3803,-25,-10,-15
2771033000,2023-03-31,대구광역시,달성군,하빈면,3450,1882,1568,3457,1888,1569,7,6,1
2771038000,2023-03-31,대구광역시,달성군,구지면,19565,10347,9218,19572,10359,9213,7,12,-5
2811052000,2023-03-31,인천광역시,중구,연안동,5709,3095,2614,5678,3078,2600,-31,-17,-14
2811053000,2023-03-31,인천광역시,중구,신포동,4779,2420,2359,4806,2435,2371,27,15,12
2811054000,2023-03-31,인천광역시,중구,신흥동,13425,6798,6627,13427,6787,6640,2,-11,13
2811056000,2023-03-31,인천광역시,중구,도원동,3937,2032,1905,3787,1952,1835,-150,-80,-70
2811057000,2023-03-31,인천광역시,중구,율목동,3070,1583,1487,3046,1568,1478,-24,-15,-9
2811058500,2023-03-31,인천광역시,중구,동인천동,5617,2979,2638,5606,2974,2632,-11,-5,-6
2811061500,2023-03-31,인천광역시,중구,개항동,7118,3584,3534,7109,3572,3537,-9,-12,3
2811062000,2023-03-31,인천광역시,중구,영종동,22703,12357,10346,22762,12372,10390,59,15,44
2811062200,2023-03-31,인천광역시,중구,영종1동,47367,23684,23683,47671,23844,23827,304,160,144
2811062800,2023-03-31,인천광역시,중구,운서동,36286,19147,17139,36335,19120,17215,49,-27,76
2811063000,2023-03-31,인천광역시,중구,용유동,3704,2056,1648,3697,2052,1645,-7,-4,-3
2814051000,2023-03-31,인천광역시,동구,만석동,6678,3445,3233,6634,3418,3216,-44,-27,-17
2814052500,2023-03-31,인천광역시,동구,화수1.화평동,5724,2925,2799,5715,2919,2796,-9,-6,-3
2814053000,2023-03-31,인천광역시,동구,화수2동,7340,3617,3723,7317,3603,3714,-23,-14,-9
2814055500,2023-03-31,인천광역시,동구,송현1.2동,10045,4924,5121,10014,4905,5109,-31,-19,-12
2814057000,2023-03-31,인천광역시,동구,송현3동,3192,1655,1537,3141,1633,1508,-51,-22,-29
2814058000,2023-03-31,인천광역시,동구,송림1동,4211,2042,2169,4641,2273,2368,430,231,199
2814059000,2023-03-31,인천광역시,동구,송림2동,1976,1036,940,1865,981,884,-111,-55,-56
2814060500,2023-03-31,인천광역시,동구,송림3.5동,5774,2900,2874,5751,2889,2862,-23,-11,-12
2814061000,2023-03-31,인천광역시,동구,송림4동,6099,3144,2955,6092,3138,2954,-7,-6,-1
2814063000,2023-03-31,인천광역시,동구,송림6동,5905,2955,2950,5875,2936,2939,-30,-19,-11
2814064000,2023-03-31,인천광역시,동구,금창동,2353,1189,1164,2338,1183,1155,-15,-6,-9
2817751000,2023-03-31,인천광역시,미추홀구,숭의2동,14441,7303,7138,14370,7279,7091,-71,-24,-47
2817752000,2023-03-31,인천광역시,미추홀구,숭의1.3동,15852,7876,7976,15931,7915,8016,79,39,40
2817753000,2023-03-31,인천광역시,미추홀구,숭의4동,15647,7845,7802,15571,7808,7763,-76,-37,-39
2817754000,2023-03-31,인천광역시,미추홀구,용현1.4동,17644,9666,7978,17701,9683,8018,57,17,40
2817755000,2023-03-31,인천광역시,미추홀구,용현2동,17477,8690,8787,17428,8667,8761,-49,-23,-26
2817756000,2023-03-31,인천광역시,미추홀구,용현3동,7424,3949,3475,7391,3937,3454,-33,-12,-21
2817757000,2023-03-31,인천광역시,미추홀구,용현5동,46558,23099,23459,46406,23013,23393,-152,-86,-66
2817758000,2023-03-31,인천광역시,미추홀구,학익1동,30191,15038,15153,30050,14979,15071,-141,-59,-82
2817759000,2023-03-31,인천광역시,미추홀구,학익2동,18395,8978,9417,18292,8919,9373,-103,-59,-44
2817760000,2023-03-31,인천광역시,미추홀구,도화1동,21941,11003,10938,21659,10835,10824,-282,-168,-114
2817761000,2023-03-31,인천광역시,미추홀구,도화2.3동,32135,16299,15836,32014,16237,15777,-121,-62,-59
2817762000,2023-03-31,인천광역시,미추홀구,주안1동,20744,10887,9857,20659,10838,9821,-85,-49,-36
2817763000,2023-03-31,인천광역시,미추홀구,주안2동,16359,8252,8107,16285,8220,8065,-74,-32,-42
2817764000,2023-03-31,인천광역시,미추홀구,주안3동,8820,4445,4375,10289,5182,5107,1469,737,732
2817765000,2023-03-31,인천광역시,미추홀구,주안4동,17601,8707,8894,17713,8761,8952,112,54,58
2817766000,2023-03-31,인천광역시,미추홀구,주안5동,20433,10180,10253,20430,10184,10246,-3,4,-7
2817767000,2023-03-31,인천광역시,미추홀구,주안6동,21578,10762,10816,21498,10709,10789,-80,-53,-27
2817768000,2023-03-31,인천광역시,미추홀구,주안7동,12242,5931,6311,12119,5870,6249,-123,-61,-62
2817769000,2023-03-31,인천광역시,미추홀구,주안8동,20220,9860,10360,20133,9809,10324,-87,-51,-36
2817770000,2023-03-31,인천광역시,미추홀구,관교동,14612,7150,7462,14603,7135,7468,-9,-15,6
2817771000,2023-03-31,인천광역시,미추홀구,문학동,14378,7793,6585,14325,7765,6560,-53,-28,-25
2818563000,2023-03-31,인천광역시,연수구,옥련1동,18774,9289,9485,18649,9225,9424,-125,-64,-61
2818564000,2023-03-31,인천광역시,연수구,옥련2동,19712,9735,9977,19609,9670,9939,-103,-65,-38
2818575000,2023-03-31,인천광역시,연수구,선학동,16615,8646,7969,16573,8621,7952,-42,-25,-17
2818576100,2023-03-31,인천광역시,연수구,연수1동,18233,9988,8245,18183,9949,8234,-50,-39,-11
2818576200,2023-03-31,인천광역시,연수구,연수2동,20492,10023,10469,20383,9974,10409,-109,-49,-60
2818576300,2023-03-31,인천광역시,연수구,연수3동,15645,7462,8183,15536,7401,8135,-109,-61,-48
2818576600,2023-03-31,인천광역시,연수구,청학동,24121,12537,11584,24009,12468,11541,-112,-69,-43
2818578000,2023-03-31,인천광역시,연수구,동춘1동,24920,12268,12652,24839,12216,12623,-81,-52,-29
2818579000,2023-03-31,인천광역시,연수구,동춘2동,17904,8680,9224,17808,8635,9173,-96,-45,-51
2818579500,2023-03-31,인천광역시,연수구,동춘3동,18024,8748,9276,17944,8716,9228,-80,-32,-48
2818582000,2023-03-31,인천광역시,연수구,송도1동,37549,18393,19156,38331,18820,19511,782,427,355
2818583000,2023-03-31,인천광역시,연수구,송도2동,36451,17877,18574,36394,17859,18535,-57,-18,-39
2818584000,2023-03-31,인천광역시,연수구,송도3동,48711,23852,24859,48697,23811,24886,-14,-41,27
2818585000,2023-03-31,인천광역시,연수구,송도4동,27952,13714,14238,28316,13909,14407,364,195,169
2818586000,2023-03-31,인천광역시,연수구,송도5동,41403,20474,20929,42968,21299,21669,1565,825,740
2820051000,2023-03-31,인천광역시,남동구,구월1동,30884,15027,15857,31309,15225,16084,425,198,227
2820052000,2023-03-31,인천광역시,남동구,구월2동,35035,17201,17834,34964,17168,17796,-71,-33,-38
2820052100,2023-03-31,인천광역시,남동구,구월3동,30010,15078,14932,29895,15028,14867,-115,-50,-65
2820052200,2023-03-31,인천광역시,남동구,구월4동,14207,7189,7018,14154,7172,6982,-53,-17,-36
2820053000,2023-03-31,인천광역시,남동구,간석1동,17617,8664,8953,17503,8605,8898,-114,-59,-55
2820054000,2023-03-31,인천광역시,남동구,간석2동,21507,10771,10736,21442,10741,10701,-65,-30,-35
2820055000,2023-03-31,인천광역시,남동구,간석3동,26620,13292,13328,26584,13285,13299,-36,-7,-29
2820055100,2023-03-31,인천광역시,남동구,간석4동,28856,14433,14423,28827,14413,14414,-29,-20,-9
2820056000,2023-03-31,인천광역시,남동구,만수1동,16545,8058,8487,16472,8022,8450,-73,-36,-37
2820057000,2023-03-31,인천광역시,남동구,만수2동,23576,11548,12028,23483,11498,11985,-93,-50,-43
2820058000,2023-03-31,인천광역시,남동구,만수3동,17189,8664,8525,17137,8629,8508,-52,-35,-17
2820058100,2023-03-31,인천광역시,남동구,만수4동,20058,9749,10309,19947,9681,10266,-111,-68,-43
2820058200,2023-03-31,인천광역시,남동구,만수5동,15129,7534,7595,15083,7511,7572,-46,-23,-23
2820058300,2023-03-31,인천광역시,남동구,만수6동,23393,11341,12052,23324,11307,12017,-69,-34,-35
2820065000,2023-03-31,인천광역시,남동구,장수서창동,19385,9688,9697,19290,9655,9635,-95,-33,-62
2820065500,2023-03-31,인천광역시,남동구,서창2동,38741,19233,19508,38636,19172,19464,-105,-61,-44
2820066000,2023-03-31,인천광역시,남동구,남촌도림동,20683,10640,10043,20575,10573,10002,-108,-67,-41
2820069000,2023-03-31,인천광역시,남동구,논현1동,31288,15769,15519,31161,15707,15454,-127,-62,-65
2820070000,2023-03-31,인천광역시,남동구,논현2동,32358,16312,16046,32235,16276,15959,-123,-36,-87
2820071000,2023-03-31,인천광역시,남동구,논현고잔동,40608,20058,20550,40505,20016,20489,-103,-42,-61
2823751000,2023-03-31,인천광역시,부평구,부평1동,35639,17118,18521,35567,17065,18502,-72,-53,-19
2823752000,2023-03-31,인천광역시,부평구,부평2동,14845,7390,7455,14954,7441,7513,109,51,58
2823753000,2023-03-31,인천광역시,부평구,부평3동,12372,6158,6214,12359,6145,6214,-13,-13,0
2823754000,2023-03-31,인천광역시,부평구,부평4동,36034,17755,18279,35931,17704,18227,-103,-51,-52
2823755000,2023-03-31,인천광역시,부평구,부평5동,32696,16079,16617,33079,16256,16823,383,177,206
2823756000,2023-03-31,인천광역시,부평구,부평6동,14684,7256,7428,14807,7319,7488,123,63,60
2823757000,2023-03-31,인천광역시,부평구,산곡1동,14680,7310,7370,14798,7357,7441,118,47,71
2823758000,2023-03-31,인천광역시,부평구,산곡2동,30171,14856,15315,30080,14807,15273,-91,-49,-42
2823758100,2023-03-31,인천광역시,부평구,산곡3동,21315,10319,10996,21212,10278,10934,-103,-41,-62
2823758200,2023-03-31,인천광역시,부평구,산곡4동,17085,8173,8912,17067,8164,8903,-18,-9,-9
2823759100,2023-03-31,인천광역시,부평구,청천1동,6680,3567,3113,6664,3553,3111,-16,-14,-2
2823759200,2023-03-31,인천광역시,부평구,청천2동,34730,17311,17419,34546,17230,17316,-184,-81,-103
2823764100,2023-03-31,인천광역시,부평구,갈산1동,16084,8159,7925,16022,8122,7900,-62,-37,-25
2823764200,2023-03-31,인천광역시,부평구,갈산2동,18058,8721,9337,18009,8715,9294,-49,-6,-43
2823764600,2023-03-31,인천광역시,부평구,삼산1동,33042,16173,16869,33406,16345,17061,364,172,192
2823764800,2023-03-31,인천광역시,부평구,삼산2동,28072,13545,14527,28017,13518,14499,-55,-27,-28
2823765000,2023-03-31,인천광역시,부평구,부개1동,16447,8268,8179,16388,8229,8159,-59,-39,-20
2823766000,2023-03-31,인천광역시,부평구,부개2동,19493,9520,9973,19445,9500,9945,-48,-20,-28
2823766100,2023-03-31,인천광역시,부평구,부개3동,29573,14181,15392,29462,14113,15349,-111,-68,-43
2823767000,2023-03-31,인천광역시,부평구,일신동,12076,6157,5919,12030,6131,5899,-46,-26,-20
2823768000,2023-03-31,인천광역시,부평구,십정1동,24525,12359,12166,24555,12375,12180,30,16,14
2823769000,2023-03-31,인천광역시,부평구,십정2동,22122,11478,10644,22032,11422,10610,-90,-56,-34
2824560100,2023-03-31,인천광역시,계양구,효성1동,27054,13573,13481,26950,13503,13447,-104,-70,-34
2824560200,2023-03-31,인천광역시,계양구,효성2동,28255,14267,13988,28162,14210,13952,-93,-57,-36
2824561100,2023-03-31,인천광역시,계양구,계산1동,18674,9837,8837,18583,9782,8801,-91,-55,-36
2824561200,2023-03-31,인천광역시,계양구,계산2동,15290,7598,7692,15241,7577,7664,-49,-21,-28
2824561300,2023-03-31,인천광역시,계양구,계산3동,18549,8857,9692,18515,8852,9663,-34,-5,-29
2824561400,2023-03-31,인천광역시,계양구,계산4동,22736,11483,11253,22697,11463,11234,-39,-20,-19
2824562100,2023-03-31,인천광역시,계양구,작전1동,26835,13162,13673,26758,13121,13637,-77,-41,-36
2824562200,2023-03-31,인천광역시,계양구,작전2동,18976,9373,9603,18920,9341,9579,-56,-32,-24
2824564000,2023-03-31,인천광역시,계양구,작전서운동,34075,16937,17138,33947,16853,17094,-128,-84,-44
2824571000,2023-03-31,인천광역시,계양구,계양1동,20062,9929,10133,20000,9885,10115,-62,-44,-18
2824572000,2023-03-31,인천광역시,계양구,계양2동,32025,15889,16136,31937,15828,16109,-88,-61,-27
2824573000,2023-03-31,인천광역시,계양구,계양3동,24707,12188,12519,24680,12170,12510,-27,-18,-9
2826051500,2023-03-31,인천광역시,서구,검암경서동,45074,23073,22001,44964,23015,21949,-110,-58,-52
2826053000,2023-03-31,인천광역시,서구,연희동,39262,20037,19225,39200,20006,19194,-62,-31,-31
2826053600,2023-03-31,인천광역시,서구,청라1동,30787,15292,15495,30664,15250,15414,-123,-42,-81
2826053700,2023-03-31,인천광역시,서구,청라2동,47996,23791,24205,47870,23697,24173,-126,-94,-32
2826053900,2023-03-31,인천광역시,서구,청라3동,34552,17233,17319,34569,17253,17316,17,20,-3
2826054200,2023-03-31,인천광역시,서구,가정1동,36985,18486,18499,36985,18488,18497,0,2,-2
2826054300,2023-03-31,인천광역시,서구,가정2동,9603,4965,4638,11530,5941,5589,1927,976,951
2826054400,2023-03-31,인천광역시,서구,가정3동,9218,4588,4630,9193,4575,4618,-25,-13,-12
2826055000,2023-03-31,인천광역시,서구,석남1동,21620,11109,10511,21559,11067,10492,-61,-42,-19
2826056000,2023-03-31,인천광역시,서구,석남2동,12488,6436,6052,12454,6419,6035,-34,-17,-17
2826056100,2023-03-31,인천광역시,서구,석남3동,13374,6707,6667,13298,6671,6627,-76,-36,-40
2826057500,2023-03-31,인천광역시,서구,신현원창동,30462,15200,15262,30341,15136,15205,-121,-64,-57
2826058000,2023-03-31,인천광역시,서구,가좌1동,12943,6867,6076,12883,6845,6038,-60,-22,-38
2826059000,2023-03-31,인천광역시,서구,가좌2동,19238,9365,9873,19190,9352,9838,-48,-13,-35
2826060000,2023-03-31,인천광역시,서구,가좌3동,16322,8325,7997,16248,8298,7950,-74,-27,-47
2826061000,2023-03-31,인천광역시,서구,가좌4동,10073,5213,4860,10054,5201,4853,-19,-12,-7
2826068000,2023-03-31,인천광역시,서구,검단동,33354,17289,16065,33207,17218,15989,-147,-71,-76
2826069000,2023-03-31,인천광역시,서구,불로대곡동,23447,11913,11534,23429,11916,11513,-18,3,-21
2826070000,2023-03-31,인천광역시,서구,원당동,23246,11795,11451,23184,11777,11407,-62,-18,-44
2826071000,2023-03-31,인천광역시,서구,당하동,26919,13421,13498,26836,13377,13459,-83,-44,-39
2826072000,2023-03-31,인천광역시,서구,오류왕길동,24947,12641,12306,24906,12621,12285,-41,-20,-21
2826073000,2023-03-31,인천광역시,서구,마전동,22121,10885,11236,22056,10853,11203,-65,-32,-33
2826074000,2023-03-31,인천광역시,서구,아라동,52032,25966,26066,54055,26969,27086,2023,1003,1020
2871025000,2023-03-31,인천광역시,강화군,강화읍,22621,11163,11458,22554,11138,11416,-67,-25,-42
2871031000,2023-03-31,인천광역시,강화군,선원면,7915,3950,3965,7900,3946,3954,-15,-4,-11
2871032000,2023-03-31,인천광역시,강화군,불은면,5040,2538,2502,5063,2548,2515,23,10,13
2871033000,2023-03-31,인천광역시,강화군,길상면,7291,3663,3628,7292,3674,3618,1,11,-10
2871034000,2023-03-31,인천광역시,강화군,화도면,4562,2316,2246,4572,2323,2249,10,7,3
2871035000,2023-03-31,인천광역시,강화군,양도면,4272,2132,2140,4257,2121,2136,-15,-11,-4
2871036000,2023-03-31,인천광역시,강화군,내가면,3072,1490,1582,3060,1482,1578,-12,-8,-4
2871037000,2023-03-31,인천광역시,강화군,하점면,4056,2073,1983,4047,2068,1979,-9,-5,-4
2871038000,2023-03-31,인천광역시,강화군,양사면,1902,952,950,1904,954,950,2,2,0
2871039000,2023-03-31,인천광역시,강화군,송해면,3279,1658,1621,3279,1659,1620,0,1,-1
2871040000,2023-03-31,인천광역시,강화군,교동면,2803,1448,1355,2800,1448,1352,-3,0,-3
2871041000,2023-03-31,인천광역시,강화군,삼산면,2184,1128,1056,2169,1126,1043,-15,-2,-13
2871042000,2023-03-31,인천광역시,강화군,서도면,371,185,186,373,189,184,2,4,-2
2871042500,2023-03-31,인천광역시,강화군,서도면볼음출장소,270,149,121,271,151,120,1,2,-1
2872031000,2023-03-31,인천광역시,옹진군,북도면,1145,595,550,1141,591,550,-4,-4,0
2872031500,2023-03-31,인천광역시,옹진군,북도면장봉출장소,978,519,459,976,515,461,-2,-4,2
2872033000,2023-03-31,인천광역시,옹진군,백령면,4987,2956,2031,4979,2946,2033,-8,-10,2
2872034000,2023-03-31,인천광역시,옹진군,대청면,1203,698,505,1201,696,505,-2,-2,0
2872034500,2023-03-31,인천광역시,옹진군,대청면소청출장소,220,136,84,217,134,83,-3,-2,-1
2872035000,2023-03-31,인천광역시,옹진군,덕적면,1914,1067,847,1916,1070,846,2,3,-1
2872036000,2023-03-31,인천광역시,옹진군,영흥면,6605,3690,2915,6603,3688,2915,-2,-2,0
2872037000,2023-03-31,인천광역시,옹진군,자월면,966,519,447,965,520,445,-1,1,-2
2872037500,2023-03-31,인천광역시,옹진군,자월면이작출장소,385,199,186,382,199,183,-3,0,-3
2872038000,2023-03-31,인천광역시,옹진군,연평면,2124,1351,773,2126,1351,775,2,0,2
2911052500,2023-03-31,광주광역시,동구,충장동,5213,2600,2613,5213,2598,2615,0,-2,2
2911054500,2023-03-31,광주광역시,동구,동명동,3733,1875,1858,3724,1862,1862,-9,-13,4
2911056000,2023-03-31,광주광역시,동구,계림1동,10568,5550,5018,10581,5558,5023,13,8,5
2911057000,2023-03-31,광주광역시,동구,계림2동,13043,6389,6654,12979,6356,6623,-64,-33,-31
2911059000,2023-03-31,광주광역시,동구,산수1동,8191,4126,4065,8191,4116,4075,0,-10,10
2911060000,2023-03-31,광주광역시,동구,산수2동,10017,4880,5137,10012,4876,5136,-5,-4,-1
2911062000,2023-03-31,광주광역시,동구,지산1동,4129,2138,1991,4150,2143,2007,21,5,16
2911063000,2023-03-31,광주광역시,동구,지산2동,4368,2237,2131,4350,2232,2118,-18,-5,-13
2911065500,2023-03-31,광주광역시,동구,서남동,2969,1588,1381,2959,1579,1380,-10,-9,-1
2911068500,2023-03-31,광주광역시,동구,학동,7394,3528,3866,7411,3530,3881,17,2,15
2911071000,2023-03-31,광주광역시,동구,학운동,11200,5281,5919,11176,5265,5911,-24,-16,-8
2911073000,2023-03-31,광주광역시,동구,지원1동,9024,4395,4629,9020,4390,4630,-4,-5,1
2911074000,2023-03-31,광주광역시,동구,지원2동,16252,7812,8440,16481,7911,8570,229,99,130
2914057500,2023-03-31,광주광역시,서구,양동,3408,1684,1724,3396,1684,1712,-12,0,-12
2914059000,2023-03-31,광주광역시,서구,양3동,4389,2139,2250,4368,2128,2240,-21,-11,-10
2914065000,2023-03-31,광주광역시,서구,농성1동,11402,5602,5800,11411,5600,5811,9,-2,11
2914066000,2023-03-31,광주광역시,서구,농성2동,4632,2430,2202,4592,2408,2184,-40,-22,-18
2914073000,2023-03-31,광주광역시,서구,광천동,7561,3891,3670,7511,3869,3642,-50,-22,-28
2914074000,2023-03-31,광주광역시,서구,유덕동,10634,5446,5188,10606,5441,5165,-28,-5,-23
2914074500,2023-03-31,광주광역시,서구,치평동,29433,13984,15449,29389,13948,15441,-44,-36,-8
2914075100,2023-03-31,광주광역시,서구,상무1동,24249,12142,12107,24226,12124,12102,-23,-18,-5
2914075200,2023-03-31,광주광역시,서구,상무2동,22928,11139,11789,22951,11157,11794,23,18,5
2914076000,2023-03-31,광주광역시,서구,화정1동,15655,7474,8181,15664,7473,8191,9,-1,10
2914077000,2023-03-31,광주광역시,서구,화정2동,19968,10005,9963,19941,9982,9959,-27,-23,-4
2914078000,2023-03-31,광주광역시,서구,화정3동,9508,4623,4885,9459,4595,4864,-49,-28,-21
2914079000,2023-03-31,광주광역시,서구,화정4동,19189,9263,9926,19319,9327,9992,130,64,66
2914080000,2023-03-31,광주광역시,서구,서창동,5675,2955,2720,5688,2953,2735,13,-2,15
2914082100,2023-03-31,광주광역시,서구,금호1동,19922,9473,10449,19856,9445,10411,-66,-28,-38
2914082400,2023-03-31,광주광역시,서구,금호2동,27437,13420,14017,27364,13371,13993,-73,-49,-24
2914083000,2023-03-31,광주광역시,서구,풍암동,35462,17441,18021,35357,17400,17957,-105,-41,-64
2914084000,2023-03-31,광주광역시,서구,동천동,15785,7495,8290,15728,7469,8259,-57,-26,-31
2915551000,2023-03-31,광주광역시,남구,양림동,6733,3024,3709,6725,3027,3698,-8,3,-11
2915552000,2023-03-31,광주광역시,남구,방림1동,6651,3168,3483,6677,3176,3501,26,8,18
2915553000,2023-03-31,광주광역시,남구,방림2동,8473,4037,4436,8438,4001,4437,-35,-36,1
2915553700,2023-03-31,광주광역시,남구,봉선1동,12939,6047,6892,12939,6048,6891,0,1,-1
2915553800,2023-03-31,광주광역시,남구,봉선2동,28066,13079,14987,27957,13029,14928,-109,-50,-59
2915554500,2023-03-31,광주광역시,남구,사직동,4884,2530,2354,4848,2517,2331,-36,-13,-23
2915560500,2023-03-31,광주광역시,남구,월산동,8773,4446,4327,8774,4451,4323,1,5,-4
2915563000,2023-03-31,광주광역시,남구,월산4동,8295,4257,4038,8282,4249,4033,-13,-8,-5
2915564000,2023-03-31,광주광역시,남구,월산5동,6176,3073,3103,6135,3055,3080,-41,-18,-23
2915567000,2023-03-31,광주광역시,남구,백운1동,11899,5590,6309,11850,5562,6288,-49,-28,-21
2915568000,2023-03-31,광주광역시,남구,백운2동,6253,3077,3176,6330,3131,3199,77,54,23
2915569000,2023-03-31,광주광역시,남구,주월1동,21429,10381,11048,21398,10363,11035,-31,-18,-13
2915570000,2023-03-31,광주광역시,남구,주월2동,7750,3840,3910,7741,3840,3901,-9,0,-9
2915570500,2023-03-31,광주광역시,남구,진월동,28452,13258,15194,28377,13255,15122,-75,-3,-72
2915571000,2023-03-31,광주광역시,남구,효덕동,15738,7532,8206,15671,7500,8171,-67,-32,-35
2915572000,2023-03-31,광주광역시,남구,송암동,21211,10251,10960,21227,10261,10966,16,10,6
2915573000,2023-03-31,광주광역시,남구,대촌동,8185,4045,4140,8194,4045,4149,9,0,9
2917051000,2023-03-31,광주광역시,북구,중흥1동,4524,2348,2176,4503,2337,2166,-21,-11,-10
2917052000,2023-03-31,광주광역시,북구,중흥2동,8399,4262,4137,8407,4269,4138,8,7,1
2917053000,2023-03-31,광주광역시,북구,중흥3동,6552,3367,3185,6532,3356,3176,-20,-11,-9
2917055500,2023-03-31,광주광역시,북구,중앙동,3941,2071,1870,3956,2071,1885,15,0,15
2917057000,2023-03-31,광주광역시,북구,임동,9149,4490,4659,9136,4484,4652,-13,-6,-7
2917058000,2023-03-31,광주광역시,북구,신안동,12487,6584,5903,12503,6585,5918,16,1,15
2917059000,2023-03-31,광주광역시,북구,용봉동,37615,18681,18934,37619,18692,18927,4,11,-7
2917060100,2023-03-31,광주광역시,북구,운암1동,18806,9069,9737,18769,9054,9715,-37,-15,-22
2917060200,2023-03-31,광주광역시,북구,운암2동,11435,5818,5617,11409,5791,5618,-26,-27,1
2917060300,2023-03-31,광주광역시,북구,운암3동,13344,6378,6966,13368,6389,6979,24,11,13
2917061500,2023-03-31,광주광역시,북구,동림동,22769,11154,11615,22742,11145,11597,-27,-9,-18
2917062000,2023-03-31,광주광역시,북구,우산동,15087,7378,7709,15207,7437,7770,120,59,61
2917063500,2023-03-31,광주광역시,북구,풍향동,5405,2690,2715,5411,2697,2714,6,7,-1
2917065000,2023-03-31,광주광역시,북구,문화동,20131,9862,10269,20090,9835,10255,-41,-27,-14
2917065600,2023-03-31,광주광역시,북구,문흥1동,15290,7431,7859,15469,7534,7935,179,103,76
2917065700,2023-03-31,광주광역시,북구,문흥2동,15177,7212,7965,15172,7206,7966,-5,-6,1
2917066100,2023-03-31,광주광역시,북구,두암1동,7405,3643,3762,7401,3652,3749,-4,9,-13
2917066200,2023-03-31,광주광역시,북구,두암2동,15430,7605,7825,15414,7594,7820,-16,-11,-5
2917066300,2023-03-31,광주광역시,북구,두암3동,12778,6107,6671,12729,6073,6656,-49,-34,-15
2917066600,2023-03-31,광주광역시,북구,삼각동,13590,7003,6587,13537,6976,6561,-53,-27,-26
2917066900,2023-03-31,광주광역시,북구,일곡동,28744,14008,14736,28646,13961,14685,-98,-47,-51
2917067300,2023-03-31,광주광역시,북구,매곡동,13530,6608,6922,13507,6585,6922,-23,-23,0
2917067600,2023-03-31,광주광역시,북구,오치1동,10400,5302,5098,10344,5285,5059,-56,-17,-39
2917067700,2023-03-31,광주광역시,북구,오치2동,11949,5833,6116,11960,5848,6112,11,15,-4
2917068500,2023-03-31,광주광역시,북구,석곡동,2387,1223,1164,2374,1212,1162,-13,-11,-2
2917069500,2023-03-31,광주광역시,북구,건국동,21726,10956,10770,21684,10954,10730,-42,-2,-40
2917069600,2023-03-31,광주광역시,북구,양산동,36815,18487,18328,36717,18422,18295,-98,-65,-33
2917069700,2023-03-31,광주광역시,북구,신용동,29148,14403,14745,29117,14370,14747,-31,-33,2
2920051500,2023-03-31,광주광역시,광산구,송정1동,10538,5363,5175,10529,5355,5174,-9,-8,-1
2920052500,2023-03-31,광주광역시,광산구,송정2동,6334,3125,3209,6319,3121,3198,-15,-4,-11
2920054000,2023-03-31,광주광역시,광산구,도산동,14792,7487,7305,14772,7481,7291,-20,-6,-14
2920055000,2023-03-31,광주광역시,광산구,신흥동,4428,2243,2185,4407,2234,2173,-21,-9,-12
2920056500,2023-03-31,광주광역시,광산구,어룡동,33270,17058,16212,33272,17047,16225,2,-11,13
2920058000,2023-03-31,광주광역시,광산구,우산동,29408,14968,14440,29408,14963,14445,0,-5,5
2920060000,2023-03-31,광주광역시,광산구,월곡1동,10277,5229,5048,10208,5190,5018,-69,-39,-30
2920061000,2023-03-31,광주광역시,광산구,월곡2동,14805,7416,7389,14742,7385,7357,-63,-31,-32
2920062000,2023-03-31,광주광역시,광산구,비아동,7492,3944,3548,7478,3946,3532,-14,2,-16
2920062400,2023-03-31,광주광역시,광산구,첨단1동,27178,13539,13639,27156,13529,13627,-22,-10,-12
2920062600,2023-03-31,광주광역시,광산구,첨단2동,42365,21357,21008,42335,21374,20961,-30,17,-47
2920063000,2023-03-31,광주광역시,광산구,신가동,19407,9843,9564,19317,9800,9517,-90,-43,-47
2920063500,2023-03-31,광주광역시,광산구,운남동,29932,14586,15346,29818,14520,15298,-114,-66,-48
2920063700,2023-03-31,광주광역시,광산구,수완동,75834,37371,38463,75677,37295,38382,-157,-76,-81
2920064000,2023-03-31,광주광역시,광산구,하남동,26705,13809,12896,26762,13848,12914,57,39,18
2920065000,2023-03-31,광주광역시,광산구,임곡동,2033,1059,974,2036,1063,973,3,4,-1
2920066000,2023-03-31,광주광역시,광산구,동곡동,1753,921,832,1747,919,828,-6,-2,-4
2920067000,2023-03-31,광주광역시,광산구,평동,4902,2723,2179,4903,2724,2179,1,1,0
2920068000,2023-03-31,광주광역시,광산구,삼도동,2140,1110,1030,2153,1122,1031,13,12,1
2920069000,2023-03-31,광주광역시,광산구,본량동,1930,973,957,1928,974,954,-2,1,-3
2920070000,2023-03-31,광주광역시,광산구,신창동,34146,17430,16716,34182,17467,16715,36,37,-1
3011051500,2023-03-31,대전광역시,동구,중앙동,4096,2324,1772,4060,2301,1759,-36,-23,-13
3011053000,2023-03-31,대전광역시,동구,효동,23571,11531,12040,23385,11450,11935,-186,-81,-105
3011054500,2023-03-31,대전광역시,동구,신인동,15280,7498,7782,15332,7518,7814,52,20,32
3011055100,2023-03-31,대전광역시,동구,판암1동,12079,5866,6213,12046,5831,6215,-33,-35,2
3011055200,2023-03-31,대전광역시,동구,판암2동,8130,3946,4184,8115,3937,4178,-15,-9,-6
3011056000,2023-03-31,대전광역시,동구,용운동,21455,10804,10651,21442,10796,10646,-13,-8,-5
3011058500,2023-03-31,대전광역시,동구,대동,14189,7101,7088,14162,7097,7065,-27,-4,-23
3011059000,2023-03-31,대전광역시,동구,자양동,10874,5807,5067,10949,5856,5093,75,49,26
3011062000,2023-03-31,대전광역시,동구,가양1동,13061,6808,6253,13092,6839,6253,31,31,0
3011063000,2023-03-31,대전광역시,동구,가양2동,18691,9351,9340,18738,9375,9363,47,24,23
3011064000,2023-03-31,대전광역시,동구,용전동,20238,10380,9858,20223,10367,9856,-15,-13,-2
3011066500,2023-03-31,대전광역시,동구,성남동,11173,5532,5641,11139,5509,5630,-34,-23,-11
3011067000,2023-03-31,대전광역시,동구,홍도동,11013,5609,5404,11221,5715,5506,208,106,102
3011069500,2023-03-31,대전광역시,동구,삼성동,13528,6863,6665,13485,6827,6658,-43,-36,-7
3011072500,2023-03-31,대전광역시,동구,대청동,2319,1210,1109,2311,1205,1106,-8,-5,-3
3011074000,2023-03-31,대전광역시,동구,산내동,19913,9984,9929,19876,9974,9902,-37,-10,-27
3014053500,2023-03-31,대전광역시,중구,은행선화동,14563,7474,7089,14510,7449,7061,-53,-25,-28
3014055000,2023-03-31,대전광역시,중구,목동,16656,7938,8718,16683,7947,8736,27,9,18
3014056000,2023-03-31,대전광역시,중구,중촌동,13920,6783,7137,13884,6775,7109,-36,-8,-28
3014057500,2023-03-31,대전광역시,중구,대흥동,13319,6542,6777,13320,6540,6780,1,-2,3
3014060500,2023-03-31,대전광역시,중구,문창동,4432,2289,2143,4431,2298,2133,-1,9,-10
3014062000,2023-03-31,대전광역시,중구,석교동,15132,7633,7499,15100,7618,7482,-32,-15,-17
3014063000,2023-03-31,대전광역시,중구,대사동,5414,2614,2800,5402,2603,2799,-12,-11,-1
3014064000,2023-03-31,대전광역시,중구,부사동,6580,3330,3250,6550,3314,3236,-30,-16,-14
3014065500,2023-03-31,대전광역시,중구,용두동,9224,4494,4730,9232,4485,4747,8,-9,17
3014067000,2023-03-31,대전광역시,중구,오류동,10474,4918,5556,10457,4920,5537,-17,2,-19
3014068000,2023-03-31,대전광역시,중구,태평1동,12903,6231,6672,12901,6233,6668,-2,2,-4
3014069000,2023-03-31,대전광역시,중구,태평2동,24830,11881,12949,24774,11844,12930,-56,-37,-19
3014070000,2023-03-31,대전광역시,중구,유천1동,6048,3127,2921,6047,3124,2923,-1,-3,2
3014071000,2023-03-31,대전광역시,중구,유천2동,13415,6641,6774,13380,6630,6750,-35,-11,-24
3014072000,2023-03-31,대전광역시,중구,문화1동,20904,10094,10810,20879,10086,10793,-25,-8,-17
3014073000,2023-03-31,대전광역시,중구,문화2동,12003,5792,6211,11979,5778,6201,-24,-14,-10
3014074000,2023-03-31,대전광역시,중구,산성동,26604,13511,13093,26551,13479,13072,-53,-32,-21
3017051000,2023-03-31,대전광역시,서구,복수동,21891,10800,11091,21903,10822,11081,12,22,-10
3017052000,2023-03-31,대전광역시,서구,도마1동,18696,9493,9203,18732,9505,9227,36,12,24
3017053000,2023-03-31,대전광역시,서구,도마2동,16920,8478,8442,16876,8447,8429,-44,-31,-13
3017053500,2023-03-31,대전광역시,서구,정림동,15603,7572,8031,15533,7540,7993,-70,-32,-38
3017054000,2023-03-31,대전광역시,서구,변동,15476,7851,7625,15464,7847,7617,-12,-4,-8
3017055000,2023-03-31,대전광역시,서구,용문동,12166,5794,6372,12141,5766,6375,-25,-28,3
3017055500,2023-03-31,대전광역시,서구,탄방동,26711,12862,13849,26735,12851,13884,24,-11,35
3017056000,2023-03-31,대전광역시,서구,괴정동,18872,9191,9681,18906,9226,9680,34,35,-1
3017057000,2023-03-31,대전광역시,서구,가장동,11098,5337,5761,11064,5326,5738,-34,-11,-23
3017057500,2023-03-31,대전광역시,서구,내동,23080,11071,12009,23047,11061,11986,-33,-10,-23
3017058100,2023-03-31,대전광역시,서구,갈마1동,21362,10807,10555,21372,10816,10556,10,9,1
3017058200,2023-03-31,대전광역시,서구,갈마2동,24289,12228,12061,24267,12222,12045,-22,-6,-16
3017058600,2023-03-31,대전광역시,서구,월평1동,11325,6126,5199,11300,6101,5199,-25,-25,0
3017058700,2023-03-31,대전광역시,서구,월평2동,13994,6615,7379,13948,6582,7366,-46,-33,-13
3017058800,2023-03-31,대전광역시,서구,월평3동,20648,10087,10561,20652,10071,10581,4,-16,20
3017059000,2023-03-31,대전광역시,서구,가수원동,10706,5215,5491,10656,5194,5462,-50,-21,-29
3017059300,2023-03-31,대전광역시,서구,도안동,36222,17805,18417,36274,17841,18433,52,36,16
3017059600,2023-03-31,대전광역시,서구,관저1동,15088,7150,7938,15083,7140,7943,-5,-10,5
3017059700,2023-03-31,대전광역시,서구,관저2동,48914,23827,25087,48858,23774,25084,-56,-53,-3
3017060000,2023-03-31,대전광역시,서구,기성동,3506,1815,1691,3500,1812,1688,-6,-3,-3
3017063000,2023-03-31,대전광역시,서구,둔산1동,16514,8112,8402,16507,8095,8412,-7,-17,10
3017064000,2023-03-31,대전광역시,서구,둔산2동,34869,16808,18061,34857,16807,18050,-12,-1,-11
3017065000,2023-03-31,대전광역시,서구,만년동,12499,6315,6184,12494,6315,6179,-5,0,-5
3017066000,2023-03-31,대전광역시,서구,둔산3동,19260,9292,9968,19217,9259,9958,-43,-33,-10
3020052000,2023-03-31,대전광역시,유성구,진잠동,24648,12601,12047,24520,12536,11984,-128,-65,-63
3020052600,2023-03-31,대전광역시,유성구,학하동,18629,9601,9028,18834,9702,9132,205,101,104
3020052700,2023-03-31,대전광역시,유성구,상대동,25388,12390,12998,25399,12383,13016,11,-7,18
3020053000,2023-03-31,대전광역시,유성구,온천1동,26448,13715,12733,26503,13740,12763,55,25,30
3020054000,2023-03-31,대전광역시,유성구,온천2동,40161,21056,19105,40484,21210,19274,323,154,169
3020054600,2023-03-31,대전광역시,유성구,노은1동,21385,10600,10785,21330,10585,10745,-55,-15,-40
3020054700,2023-03-31,대전광역시,유성구,노은2동,23842,11728,12114,23814,11703,12111,-28,-25,-3
3020054800,2023-03-31,대전광역시,유성구,노은3동,36850,18057,18793,36787,18039,18748,-63,-18,-45
3020055000,2023-03-31,대전광역시,유성구,신성동,25915,13589,12326,26016,13668,12348,101,79,22
3020057000,2023-03-31,대전광역시,유성구,전민동,26686,13704,12982,26636,13692,12944,-50,-12,-38
3020058000,2023-03-31,대전광역시,유성구,구즉동,32660,16698,15962,32948,16853,16095,288,155,133
3020060000,2023-03-31,대전광역시,유성구,관평동,28467,14631,13836,28436,14631,13805,-31,0,-31
3020061000,2023-03-31,대전광역시,유성구,원신흥동,27110,12857,14253,27091,12848,14243,-19,-9,-10
3023051000,2023-03-31,대전광역시,대덕구,오정동,14023,7378,6645,14038,7393,6645,15,15,0
3023052000,2023-03-31,대전광역시,대덕구,대화동,6624,3480,3144,6601,3472,3129,-23,-8,-15
3023052500,2023-03-31,대전광역시,대덕구,회덕동,11709,5989,5720,11703,5989,5714,-6,0,-6
3023053300,2023-03-31,대전광역시,대덕구,비래동,15582,7742,7840,15564,7726,7838,-18,-16,-2
3023054300,2023-03-31,대전광역시,대덕구,송촌동,26555,13149,13406,26513,13139,13374,-42,-10,-32
3023054600,2023-03-31,대전광역시,대덕구,중리동,19053,9900,9153,18982,9878,9104,-71,-22,-49
3023055000,2023-03-31,대전광역시,대덕구,신탄진동,14602,7541,7061,14597,7546,7051,-5,5,-10
3023056000,2023-03-31,대전광역시,대덕구,석봉동,16177,8259,7918,16164,8268,7896,-13,9,-22
3023057000,2023-03-31,대전광역시,대덕구,덕암동,13310,7122,6188,13321,7132,6189,11,10,1
3023058000,2023-03-31,대전광역시,대덕구,목상동,6286,3421,2865,6246,3396,2850,-40,-25,-15
3023060000,2023-03-31,대전광역시,대덕구,법1동,12648,5937,6711,12616,5914,6702,-32,-23,-9
3023061000,2023-03-31,대전광역시,대덕구,법2동,15377,7493,7884,15334,7468,7866,-43,-25,-18
3111051000,2023-03-31,울산광역시,중구,학성동,11033,5626,5407,11049,5641,5408,16,15,1
3111052000,2023-03-31,울산광역시,중구,반구1동,16261,8501,7760,16245,8488,7757,-16,-13,-3
3111053000,2023-03-31,울산광역시,중구,반구2동,8480,4328,4152,8458,4311,4147,-22,-17,-5
3111054000,2023-03-31,울산광역시,중구,복산1동,3813,1901,1912,3785,1889,1896,-28,-12,-16
3111055000,2023-03-31,울산광역시,중구,복산2동,10914,5407,5507,10917,5406,5511,3,-1,4
3111058500,2023-03-31,울산광역시,중구,중앙동,11997,6191,5806,11910,6153,5757,-87,-38,-49
3111059000,2023-03-31,울산광역시,중구,우정동,17637,8717,8920,17620,8707,8913,-17,-10,-7
3111060000,2023-03-31,울산광역시,중구,태화동,32338,16097,16241,32349,16100,16249,11,3,8
3111061000,2023-03-31,울산광역시,중구,다운동,22206,11278,10928,22137,11241,10896,-69,-37,-32
3111062000,2023-03-31,울산광역시,중구,병영1동,21433,10906,10527,21337,10858,10479,-96,-48,-48
3111063000,2023-03-31,울산광역시,중구,병영2동,19918,10002,9916,19890,9994,9896,-28,-8,-20
3111064000,2023-03-31,울산광역시,중구,약사동,10771,5373,5398,10782,5383,5399,11,10,1
3111065000,2023-03-31,울산광역시,중구,성안동,20567,10534,10033,20549,10521,10028,-18,-13,-5
3114051000,2023-03-31,울산광역시,남구,신정1동,18416,9222,9194,18379,9208,9171,-37,-14,-23
3114052000,2023-03-31,울산광역시,남구,신정2동,24066,12240,11826,24048,12222,11826,-18,-18,0
3114053000,2023-03-31,울산광역시,남구,신정3동,16089,8192,7897,16045,8166,7879,-44,-26,-18
3114054000,2023-03-31,울산광역시,남구,신정4동,20221,10167,10054,20219,10183,10036,-2,16,-18
3114055000,2023-03-31,울산광역시,남구,신정5동,8688,4642,4046,8670,4635,4035,-18,-7,-11
3114056000,2023-03-31,울산광역시,남구,달동,26668,13463,13205,26646,13465,13181,-22,2,-24
3114057000,2023-03-31,울산광역시,남구,삼산동,48601,25477,23124,48576,25497,23079,-25,20,-45
3114058500,2023-03-31,울산광역시,남구,삼호동,19879,10128,9751,19879,10127,9752,0,-1,1
3114059500,2023-03-31,울산광역시,남구,무거동,31437,16125,15312,31484,16164,15320,47,39,8
3114060000,2023-03-31,울산광역시,남구,옥동,25623,12878,12745,25563,12841,12722,-60,-37,-23
3114062500,2023-03-31,울산광역시,남구,대현동,31324,15666,15658,31335,15682,15653,11,16,-5
3114063500,2023-03-31,울산광역시,남구,수암동,16361,8173,8188,16326,8155,8171,-35,-18,-17
3114064000,2023-03-31,울산광역시,남구,선암동,13935,7187,6748,13897,7166,6731,-38,-21,-17
3114067000,2023-03-31,울산광역시,남구,야음장생포동,8961,4711,4250,8839,4659,4180,-122,-52,-70
3117051000,2023-03-31,울산광역시,동구,방어동,39521,21330,18191,39478,21319,18159,-43,-11,-32
3117052000,2023-03-31,울산광역시,동구,일산동,5451,2946,2505,5455,2942,2513,4,-4,8
3117053000,2023-03-31,울산광역시,동구,화정동,18995,9711,9284,18953,9681,9272,-42,-30,-12
3117054000,2023-03-31,울산광역시,동구,대송동,11323,5931,5392,11295,5927,5368,-28,-4,-24
3117055000,2023-03-31,울산광역시,동구,전하1동,15041,7757,7284,15026,7748,7278,-15,-9,-6
3117056000,2023-03-31,울산광역시,동구,전하2동,20081,10171,9910,20058,10169,9889,-23,-2,-21
3117058000,2023-03-31,울산광역시,동구,남목1동,8493,4330,4163,8499,4332,4167,6,2,4
3117059000,2023-03-31,울산광역시,동구,남목2동,20581,10760,9821,20547,10742,9805,-34,-18,-16
3117060000,2023-03-31,울산광역시,동구,남목3동,11699,5919,5780,11698,5916,5782,-1,-3,2
3120051000,2023-03-31,울산광역시,북구,농소1동,36416,18626,17790,36408,18610,17798,-8,-16,8
3120052000,2023-03-31,울산광역시,북구,농소2동,42317,21493,20824,42452,21555,20897,135,62,73
3120053000,2023-03-31,울산광역시,북구,농소3동,37379,18941,18438,37290,18895,18395,-89,-46,-43
3120054000,2023-03-31,울산광역시,북구,강동동,16318,8369,7949,16308,8355,7953,-10,-14,4
3120056000,2023-03-31,울산광역시,북구,효문동,29459,15819,13640,29576,15882,13694,117,63,54
3120057000,2023-03-31,울산광역시,북구,송정동,36913,18712,18201,36876,18693,18183,-37,-19,-18
3120058000,2023-03-31,울산광역시,북구,양정동,9594,5602,3992,9566,5597,3969,-28,-5,-23
3120059000,2023-03-31,울산광역시,북구,염포동,10300,5559,4741,10271,5546,4725,-29,-13,-16
3171025000,2023-03-31,울산광역시,울주군,온산읍,20349,11866,8483,20346,11870,8476,-3,4,-7
3171025300,2023-03-31,울산광역시,울주군,언양읍,29661,14820,14841,29686,14829,14857,25,9,16
3171025600,2023-03-31,울산광역시,울주군,온양읍,28236,14719,13517,28242,14716,13526,6,-3,9
3171025900,2023-03-31,울산광역시,울주군,범서읍,68574,34466,34108,68519,34415,34104,-55,-51,-4
3171026200,2023-03-31,울산광역시,울주군,청량읍,18812,9703,9109,18812,9698,9114,0,-5,5
3171026500,2023-03-31,울산광역시,울주군,삼남읍,22475,11679,10796,22456,11654,10802,-19,-25,6
3171031000,2023-03-31,울산광역시,울주군,서생면,8470,4628,3842,8480,4631,3849,10,3,7
3171034000,2023-03-31,울산광역시,울주군,웅촌면,7647,3906,3741,7633,3898,3735,-14,-8,-6
3171036000,2023-03-31,울산광역시,울주군,두동면,4295,2225,2070,4277,2212,2065,-18,-13,-5
3171037000,2023-03-31,울산광역시,울주군,두서면,3040,1541,1499,3031,1538,1493,-9,-3,-6
3171038000,2023-03-31,울산광역시,울주군,상북면,7856,4001,3855,7851,3995,3856,-5,-6,1
3171040000,2023-03-31,울산광역시,울주군,삼동면,1732,914,818,1723,904,819,-9,-10,1
3611025000,2023-03-31,세종특별자치시,,조치원읍,42117,21934,20183,42064,21901,20163,-53,-33,-20
3611031000,2023-03-31,세종특별자치시,,연기면,2583,1480,1103,2583,1476,1107,0,-4,4
3611032000,2023-03-31,세종특별자치시,,연동면,2945,1543,1402,2949,1546,1403,4,3,1
3611033000,2023-03-31,세종특별자치시,,부강면,5834,3228,2606,5812,3220,2592,-22,-8,-14
3611034000,2023-03-31,세종특별자치시,,금남면,8601,4607,3994,8575,4600,3975,-26,-7,-19
3611035000,2023-03-31,세종특별자치시,,장군면,6901,4046,2855,6841,4004,2837,-60,-42,-18
3611036000,2023-03-31,세종특별자치시,,연서면,7177,3948,3229,7128,3921,3207,-49,-27,-22
3611037000,2023-03-31,세종특별자치시,,전의면,5472,2912,2560,5442,2895,2547,-30,-17,-13
3611038000,2023-03-31,세종특별자치시,,전동면,3245,1742,1503,3238,1732,1506,-7,-10,3
3611039000,2023-03-31,세종특별자치시,,소정면,2204,1177,1027,2191,1166,1025,-13,-11,-2
3611051000,2023-03-31,세종특별자치시,,한솔동,18389,9057,9332,18375,9063,9312,-14,6,-20
3611051500,2023-03-31,세종특별자치시,,새롬동,39847,19391,20456,26476,12849,13627,-13371,-6542,-6829
3611051800,2023-03-31,세종특별자치시,,나성동,0,0,0,13392,6562,6830,13392,6562,6830
3611052000,2023-03-31,세종특별자치시,,도담동,36559,17612,18947,36601,17626,18975,42,14,28
3611052500,2023-03-31,세종특별자치시,,해밀동,8860,4316,4544,8889,4318,4571,29,2,27
3611053000,2023-03-31,세종특별자치시,,아름동,23521,11620,11901,23505,11634,11871,-16,14,-30
3611054000,2023-03-31,세종특별자치시,,종촌동,28568,13858,14710,28552,13864,14688,-16,6,-22
3611055000,2023-03-31,세종특별자치시,,고운동,35054,17189,17865,35025,17170,17855,-29,-19,-10
3611055500,2023-03-31,세종특별자치시,,소담동,21592,10496,11096,21689,10532,11157,97,36,61
3611055600,2023-03-31,세종특별자치시,,반곡동,27056,13366,13690,27508,13571,13937,452,205,247
3611056000,2023-03-31,세종특별자치시,,보람동,18927,9297,9630,18974,9303,9671,47,6,41
3611057000,2023-03-31,세종특별자치시,,대평동,11280,5583,5697,11245,5558,5687,-35,-25,-10
3611058000,2023-03-31,세종특별자치시,,다정동,28553,13708,14845,28555,13701,14854,2,-7,9
4111156000,2023-03-31,경기도,수원시 장안구,파장동,22568,11445,11123,22480,11384,11096,-88,-61,-27
4111156600,2023-03-31,경기도,수원시 장안구,율천동,41320,21839,19481,41281,21825,19456,-39,-14,-25
4111157100,2023-03-31,경기도,수원시 장안구,정자1동,28050,13768,14282,28022,13757,14265,-28,-11,-17
4111157200,2023-03-31,경기도,수원시 장안구,정자2동,36485,17884,18601,36425,17853,18572,-60,-31,-29
4111157300,2023-03-31,경기도,수원시 장안구,정자3동,40275,20106,20169,40247,20089,20158,-28,-17,-11
4111158000,2023-03-31,경기도,수원시 장안구,영화동,19438,9918,9520,19431,9930,9501,-7,12,-19
4111159100,2023-03-31,경기도,수원시 장안구,송죽동,19099,9482,9617,18987,9436,9551,-112,-46,-66
4111159700,2023-03-31,경기도,수원시 장안구,조원1동,29172,14701,14471,29156,14689,14467,-16,-12,-4
4111159800,2023-03-31,경기도,수원시 장안구,조원2동,17954,8608,9346,17961,8605,9356,7,-3,10
4111160000,2023-03-31,경기도,수원시 장안구,연무동,15480,7993,7487,15413,7960,7453,-67,-33,-34
4111352000,2023-03-31,경기도,수원시 권선구,세류1동,9806,4963,4843,9800,4959,4841,-6,-4,-2
4111353000,2023-03-31,경기도,수원시 권선구,세류2동,23529,12175,11354,23464,12127,11337,-65,-48,-17
4111354000,2023-03-31,경기도,수원시 권선구,세류3동,18292,9211,9081,18277,9205,9072,-15,-6,-9
4111355000,2023-03-31,경기도,수원시 권선구,평동,41142,20797,20345,41316,20885,20431,174,88,86
4111356000,2023-03-31,경기도,수원시 권선구,서둔동,37652,19193,18459,37687,19210,18477,35,17,18
4111365000,2023-03-31,경기도,수원시 권선구,구운동,23902,12124,11778,23843,12090,11753,-59,-34,-25
4111366200,2023-03-31,경기도,수원시 권선구,금곡동,44675,22003,22672,44633,21989,22644,-42,-14,-28
4111366400,2023-03-31,경기도,수원시 권선구,호매실동,45391,22485,22906,45382,22472,22910,-9,-13,4
4111367000,2023-03-31,경기도,수원시 권선구,권선1동,24470,12519,11951,24464,12497,11967,-6,-22,16
4111368000,2023-03-31,경기도,수원시 권선구,권선2동,47225,23207,24018,47140,23151,23989,-85,-56,-29
4111369000,2023-03-31,경기도,수원시 권선구,곡선동,35455,18882,16573,35516,18932,16584,61,50,11
4111370000,2023-03-31,경기도,수원시 권선구,입북동,16099,8205,7894,16096,8205,7891,-3,0,-3
4111565000,2023-03-31,경기도,수원시 팔달구,매교동,20502,10466,10036,20802,10596,10206,300,130,170
4111566000,2023-03-31,경기도,수원시 팔달구,매산동,9998,5427,4571,9965,5402,4563,-33,-25,-8
4111567000,2023-03-31,경기도,수원시 팔달구,고등동,20501,10319,10182,20471,10282,10189,-30,-37,7
4111568000,2023-03-31,경기도,수원시 팔달구,화서1동,21759,10568,11191,21715,10552,11163,-44,-16,-28
4111569000,2023-03-31,경기도,수원시 팔달구,화서2동,24870,12230,12640,24855,12218,12637,-15,-12,-3
4111570000,2023-03-31,경기도,수원시 팔달구,지동,10057,5120,4937,10045,5110,4935,-12,-10,-2
4111571000,2023-03-31,경기도,수원시 팔달구,우만1동,19502,9741,9761,19440,9698,9742,-62,-43,-19
4111572000,2023-03-31,경기도,수원시 팔달구,우만2동,17060,8562,8498,17041,8545,8496,-19,-17,-2
4111573000,2023-03-31,경기도,수원시 팔달구,인계동,39119,19671,19448,39149,19673,19476,30,2,28
4111574000,2023-03-31,경기도,수원시 팔달구,행궁동,9879,5287,4592,9880,5278,4602,1,-9,10
4111751000,2023-03-31,경기도,수원시 영통구,매탄1동,12331,6264,6067,12112,6157,5955,-219,-107,-112
4111752000,2023-03-31,경기도,수원시 영통구,매탄2동,14277,7128,7149,14249,7117,7132,-28,-11,-17
4111753000,2023-03-31,경기도,수원시 영통구,매탄3동,35238,18339,16899,35138,18295,16843,-100,-44,-56
4111754000,2023-03-31,경기도,수원시 영통구,매탄4동,20973,10222,10751,20922,10187,10735,-51,-35,-16
4111755000,2023-03-31,경기도,수원시 영통구,원천동,40488,20429,20059,40542,20464,20078,54,35,19
4111757000,2023-03-31,경기도,수원시 영통구,영통1동,33787,16609,17178,33759,16584,17175,-28,-25,-3
4111758000,2023-03-31,경기도,수원시 영통구,영통2동,25919,13827,12092,25980,13892,12088,61,65,-4
4111758500,2023-03-31,경기도,수원시 영통구,영통3동,32209,16561,15648,32115,16502,15613,-94,-59,-35
4111759300,2023-03-31,경기도,수원시 영통구,망포1동,31907,16038,15869,31951,16051,15900,44,13,31
4111759600,2023-03-31,경기도,수원시 영통구,망포2동,32821,16357,16464,33068,16491,16577,247,134,113
4111760000,2023-03-31,경기도,수원시 영통구,광교1동,53020,26024,26996,53035,26043,26992,15,19,-4
4111761000,2023-03-31,경기도,수원시 영통구,광교2동,28990,13849,15141,28970,13852,15118,-20,3,-23
4113151000,2023-03-31,경기도,성남시 수정구,신흥1동,13116,6907,6209,13106,6913,6193,-10,6,-16
4113152000,2023-03-31,경기도,성남시 수정구,신흥2동,19858,9643,10215,19896,9651,10245,38,8,30
4113153000,2023-03-31,경기도,성남시 수정구,신흥3동,11190,5974,5216,11172,5976,5196,-18,2,-20
4113154000,2023-03-31,경기도,성남시 수정구,태평1동,14973,7783,7190,14915,7748,7167,-58,-35,-23
4113155000,2023-03-31,경기도,성남시 수정구,태평2동,14906,7507,7399,14844,7495,7349,-62,-12,-50
4113156000,2023-03-31,경기도,성남시 수정구,태평3동,12922,6667,6255,12897,6655,6242,-25,-12,-13
4113156100,2023-03-31,경기도,성남시 수정구,태평4동,12704,6470,6234,12628,6438,6190,-76,-32,-44
4113157000,2023-03-31,경기도,성남시 수정구,수진1동,11950,6277,5673,11936,6274,5662,-14,-3,-11
4113158000,2023-03-31,경기도,성남시 수정구,수진2동,15518,7878,7640,15475,7862,7613,-43,-16,-27
4113159000,2023-03-31,경기도,성남시 수정구,단대동,15076,7388,7688,15030,7366,7664,-46,-22,-24
4113160000,2023-03-31,경기도,성남시 수정구,산성동,4919,2486,2433,4908,2471,2437,-11,-15,4
4113161000,2023-03-31,경기도,성남시 수정구,양지동,9623,4775,4848,9601,4761,4840,-22,-14,-8
4113162000,2023-03-31,경기도,성남시 수정구,복정동,10712,6015,4697,10684,5996,4688,-28,-19,-9
4113162500,2023-03-31,경기도,성남시 수정구,위례동,42887,20910,21977,42907,20899,22008,20,-11,31
4113163000,2023-03-31,경기도,성남시 수정구,신촌동,4614,2468,2146,4592,2454,2138,-22,-14,-8
4113164000,2023-03-31,경기도,성남시 수정구,고등동,10794,5340,5454,11234,5535,5699,440,195,245
4113165000,2023-03-31,경기도,성남시 수정구,시흥동,3401,1793,1608,3374,1773,1601,-27,-20,-7
4113351000,2023-03-31,경기도,성남시 중원구,성남동,33148,17298,15850,33086,17270,15816,-62,-28,-34
4113352500,2023-03-31,경기도,성남시 중원구,중앙동,16769,8610,8159,16954,8709,8245,185,99,86
4113353000,2023-03-31,경기도,성남시 중원구,금광1동,18163,9068,9095,18853,9407,9446,690,339,351
4113354000,2023-03-31,경기도,성남시 중원구,금광2동,25207,12421,12786,25194,12407,12787,-13,-14,1
4113355000,2023-03-31,경기도,성남시 중원구,은행1동,10047,4936,5111,9997,4916,5081,-50,-20,-30
4113356000,2023-03-31,경기도,성남시 중원구,은행2동,23013,11384,11629,22932,11346,11586,-81,-38,-43
4113357000,2023-03-31,경기도,성남시 중원구,상대원1동,24850,12938,11912,24796,12907,11889,-54,-31,-23
4113358000,2023-03-31,경기도,성남시 중원구,상대원2동,3800,2027,1773,3669,1957,1712,-131,-70,-61
4113359000,2023-03-31,경기도,성남시 중원구,상대원3동,12225,6362,5863,12178,6363,5815,-47,1,-48
4113366000,2023-03-31,경기도,성남시 중원구,하대원동,19990,10078,9912,19921,10049,9872,-69,-29,-40
4113367000,2023-03-31,경기도,성남시 중원구,도촌동,26940,13036,13904,26891,13027,13864,-49,-9,-40
4113551000,2023-03-31,경기도,성남시 분당구,분당동,25306,12427,12879,25248,12401,12847,-58,-26,-32
4113552000,2023-03-31,경기도,성남시 분당구,수내1동,17949,8506,9443,17911,8492,9419,-38,-14,-24
4113553000,2023-03-31,경기도,성남시 분당구,수내2동,10401,5071,5330,10389,5063,5326,-12,-8,-4
4113554000,2023-03-31,경기도,성남시 분당구,수내3동,13550,6764,6786,13537,6756,6781,-13,-8,-5
4113554500,2023-03-31,경기도,성남시 분당구,정자동,19033,9544,9489,18930,9491,9439,-103,-53,-50
4113555000,2023-03-31,경기도,성남시 분당구,정자1동,30136,14218,15918,30138,14238,15900,2,20,-18
4113556000,2023-03-31,경기도,성남시 분당구,정자2동,14855,7032,7823,14804,7010,7794,-51,-22,-29
4113557000,2023-03-31,경기도,성남시 분당구,정자3동,16969,8220,8749,16961,8223,8738,-8,3,-11
4113558000,2023-03-31,경기도,성남시 분당구,서현1동,31249,15139,16110,31214,15139,16075,-35,0,-35
4113559000,2023-03-31,경기도,성남시 분당구,서현2동,17866,8818,9048,17855,8818,9037,-11,0,-11
4113560000,2023-03-31,경기도,성남시 분당구,이매1동,24962,12227,12735,24943,12229,12714,-19,2,-21
4113561000,2023-03-31,경기도,성남시 분당구,이매2동,13228,6444,6784,13212,6432,6780,-16,-12,-4
4113562000,2023-03-31,경기도,성남시 분당구,야탑1동,16990,8428,8562,16985,8419,8566,-5,-9,4
4113563000,2023-03-31,경기도,성남시 분당구,야탑2동,15993,7571,8422,15951,7553,8398,-42,-18,-24
4113564000,2023-03-31,경기도,성남시 분당구,야탑3동,27296,13475,13821,27284,13459,13825,-12,-16,4
4113565000,2023-03-31,경기도,성남시 분당구,판교동,26471,13029,13442,26432,12996,13436,-39,-33,-6
4113565500,2023-03-31,경기도,성남시 분당구,삼평동,24188,11699,12489,24164,11698,12466,-24,-1,-23
4113565700,2023-03-31,경기도,성남시 분당구,백현동,27007,12983,14024,26960,12973,13987,-47,-10,-37
4113566200,2023-03-31,경기도,성남시 분당구,금곡동,27431,12870,14561,27384,12845,14539,-47,-25,-22
4113566500,2023-03-31,경기도,성남시 분당구,구미1동,16782,8137,8645,16734,8117,8617,-48,-20,-28
4113567000,2023-03-31,경기도,성남시 분당구,구미동,29660,14077,15583,29288,13887,15401,-372,-190,-182
4113568000,2023-03-31,경기도,성남시 분당구,운중동,33414,16334,17080,33422,16332,17090,8,-2,10
4115051000,2023-03-31,경기도,의정부시,의정부1동,37609,19101,18508,37647,19139,18508,38,38,0
4115052000,2023-03-31,경기도,의정부시,의정부2동,30013,14905,15108,29984,14888,15096,-29,-17,-12
4115054500,2023-03-31,경기도,의정부시,호원1동,35073,17008,18065,35025,16979,18046,-48,-29,-19
4115055500,2023-03-31,경기도,의정부시,호원2동,33723,16248,17475,33636,16203,17433,-87,-45,-42
4115056100,2023-03-31,경기도,의정부시,장암동,19415,9281,10134,19406,9267,10139,-9,-14,5
4115056700,2023-03-31,경기도,의정부시,신곡1동,40500,19822,20678,40412,19763,20649,-88,-59,-29
4115056800,2023-03-31,경기도,의정부시,신곡2동,46245,22362,23883,46144,22296,23848,-101,-66,-35
4115057300,2023-03-31,경기도,의정부시,송산1동,50249,24912,25337,50349,24956,25393,100,44,56
4115057600,2023-03-31,경기도,의정부시,송산2동,32554,16103,16451,32533,16090,16443,-21,-13,-8
4115057800,2023-03-31,경기도,의정부시,송산3동,46188,22378,23810,46129,22331,23798,-59,-47,-12
4115058000,2023-03-31,경기도,의정부시,자금동,26434,12944,13490,26421,12949,13472,-13,5,-18
4115059500,2023-03-31,경기도,의정부시,가능동,24869,12457,12412,24795,12404,12391,-74,-53,-21
4115061500,2023-03-31,경기도,의정부시,흥선동,19441,9906,9535,19526,9937,9589,85,31,54
4115062000,2023-03-31,경기도,의정부시,녹양동,20740,10275,10465,20630,10225,10405,-110,-50,-60
4117151000,2023-03-31,경기도,안양시 만안구,안양1동,12083,6025,6058,12073,6042,6031,-10,17,-27
4117152000,2023-03-31,경기도,안양시 만안구,안양2동,23160,11599,11561,23187,11604,11583,27,5,22
4117153000,2023-03-31,경기도,안양시 만안구,안양3동,16036,7947,8089,16009,7927,8082,-27,-20,-7
4117154000,2023-03-31,경기도,안양시 만안구,안양4동,6809,3389,3420,6810,3386,3424,1,-3,4
4117155000,2023-03-31,경기도,안양시 만안구,안양5동,10092,5037,5055,10115,5052,5063,23,15,8
4117156000,2023-03-31,경기도,안양시 만안구,안양6동,26806,13579,13227,26817,13615,13202,11,36,-25
4117157000,2023-03-31,경기도,안양시 만안구,안양7동,15145,7432,7713,15163,7436,7727,18,4,14
4117158000,2023-03-31,경기도,안양시 만안구,안양8동,8623,4453,4170,8597,4438,4159,-26,-15,-11
4117158100,2023-03-31,경기도,안양시 만안구,안양9동,16762,8260,8502,16750,8257,8493,-12,-3,-9
4117159000,2023-03-31,경기도,안양시 만안구,석수1동,18884,9261,9623,18874,9236,9638,-10,-25,15
4117160000,2023-03-31,경기도,안양시 만안구,석수2동,30575,15299,15276,30526,15260,15266,-49,-39,-10
4117161000,2023-03-31,경기도,안양시 만안구,석수3동,12695,6420,6275,12707,6420,6287,12,0,12
4117162100,2023-03-31,경기도,안양시 만안구,박달1동,14453,7248,7205,14396,7222,7174,-57,-26,-31
4117163000,2023-03-31,경기도,안양시 만안구,박달2동,22025,11004,11021,22028,11012,11016,3,8,-5
4117351000,2023-03-31,경기도,안양시 동안구,비산1동,27859,13626,14233,27872,13622,14250,13,-4,17
4117352000,2023-03-31,경기도,안양시 동안구,비산2동,14655,7163,7492,14685,7172,7513,30,9,21
4117353000,2023-03-31,경기도,안양시 동안구,비산3동,11674,5849,5825,11695,5859,5836,21,10,11
4117354000,2023-03-31,경기도,안양시 동안구,부흥동,16608,7922,8686,16578,7901,8677,-30,-21,-9
4117354600,2023-03-31,경기도,안양시 동안구,달안동,10207,4607,5600,10200,4591,5609,-7,-16,9
4117355000,2023-03-31,경기도,안양시 동안구,관양1동,34455,16802,17653,34384,16768,17616,-71,-34,-37
4117356000,2023-03-31,경기도,안양시 동안구,관양2동,18584,9484,9100,18616,9500,9116,32,16,16
4117356600,2023-03-31,경기도,안양시 동안구,부림동,26115,12636,13479,26137,12630,13507,22,-6,28
4117357000,2023-03-31,경기도,안양시 동안구,평촌동,14201,6966,7235,14200,6969,7231,-1,3,-4
4117357600,2023-03-31,경기도,안양시 동안구,평안동,23219,11328,11891,23167,11312,11855,-52,-16,-36
4117357800,2023-03-31,경기도,안양시 동안구,귀인동,16400,8116,8284,16332,8092,8240,-68,-24,-44
4117358000,2023-03-31,경기도,안양시 동안구,호계1동,18253,9187,9066,18256,9199,9057,3,12,-9
4117359000,2023-03-31,경기도,안양시 동안구,호계2동,19211,9456,9755,19204,9443,9761,-7,-13,6
4117360000,2023-03-31,경기도,안양시 동안구,호계3동,23219,11621,11598,23255,11643,11612,36,22,14
4117361000,2023-03-31,경기도,안양시 동안구,범계동,15434,7440,7994,15412,7442,7970,-22,2,-24
4117362000,2023-03-31,경기도,안양시 동안구,신촌동,12575,6167,6408,12564,6150,6414,-11,-17,6
4117363000,2023-03-31,경기도,안양시 동안구,갈산동,10766,5229,5537,10711,5196,5515,-55,-33,-22
4119060300,2023-03-31,경기도,부천시,심곡동,61143,31120,30023,60722,30924,29798,-421,-196,-225
4119060600,2023-03-31,경기도,부천시,부천동,87263,43476,43787,86931,43327,43604,-332,-149,-183
4119061000,2023-03-31,경기도,부천시,중동,40045,19727,20318,40349,19850,20499,304,123,181
4119074200,2023-03-31,경기도,부천시,신중동,129147,62179,66968,128805,61998,66807,-342,-181,-161
4119074400,2023-03-31,경기도,부천시,상동,83276,40832,42444,82869,40628,42241,-407,-204,-203
4119074600,2023-03-31,경기도,부천시,대산동,78446,38722,39724,78093,38542,39551,-353,-180,-173
4119075000,2023-03-31,경기도,부천시,소사본동,55015,27054,27961,54640,26862,27778,-375,-192,-183
4119079500,2023-03-31,경기도,부천시,범안동,93256,45701,47555,95851,46971,48880,2595,1270,1325
4119080000,2023-03-31,경기도,부천시,성곡동,79756,39863,39893,79513,39749,39764,-243,-114,-129
4119083000,2023-03-31,경기도,부천시,오정동,80326,41081,39245,80040,40935,39105,-286,-146,-140
4121051000,2023-03-31,경기도,광명시,광명1동,60,32,28,58,30,28,-2,-2,0
4121052000,2023-03-31,경기도,광명시,광명2동,2953,1479,1474,2957,1475,1482,4,-4,8
4121054000,2023-03-31,경기도,광명시,광명3동,9737,4730,5007,9778,4750,5028,41,20,21
4121055000,2023-03-31,경기도,광명시,광명4동,11140,5472,5668,10475,5182,5293,-665,-290,-375
4121056000,2023-03-31,경기도,광명시,광명5동,12097,5903,6194,12141,5918,6223,44,15,29
4121057000,2023-03-31,경기도,광명시,광명6동,13425,6633,6792,13640,6730,6910,215,97,118
4121058000,2023-03-31,경기도,광명시,광명7동,20509,10069,10440,20317,9965,10352,-192,-104,-88
4121059000,2023-03-31,경기도,광명시,철산1동,10641,5264,5377,10622,5260,5362,-19,-4,-15
4121060000,2023-03-31,경기도,광명시,철산2동,5582,2993,2589,5596,3003,2593,14,10,4
4121061000,2023-03-31,경기도,광명시,철산3동,37156,18181,18975,37008,18123,18885,-148,-58,-90
4121062000,2023-03-31,경기도,광명시,철산4동,10760,5392,5368,10263,5138,5125,-497,-254,-243
4121063100,2023-03-31,경기도,광명시,하안1동,25513,12708,12805,25505,12703,12802,-8,-5,-3
4121063200,2023-03-31,경기도,광명시,하안2동,13503,6334,7169,13472,6318,7154,-31,-16,-15
4121063300,2023-03-31,경기도,광명시,하안3동,19400,9183,10217,19381,9180,10201,-19,-3,-16
4121063400,2023-03-31,경기도,광명시,하안4동,12081,5856,6225,12058,5837,6221,-23,-19,-4
4121064000,2023-03-31,경기도,광명시,소하1동,30788,14951,15837,30739,14918,15821,-49,-33,-16
4121065000,2023-03-31,경기도,광명시,소하2동,27452,13682,13770,27378,13651,13727,-74,-31,-43
4121065500,2023-03-31,경기도,광명시,일직동,21776,10884,10892,21809,10900,10909,33,16,17
4121066000,2023-03-31,경기도,광명시,학온동,2011,1129,882,2001,1123,878,-10,-6,-4
4122025000,2023-03-31,경기도,평택시,팽성읍,29035,15322,13713,29014,15314,13700,-21,-8,-13
4122025300,2023-03-31,경기도,평택시,안중읍,43478,22585,20893,43444,22571,20873,-34,-14,-20
4122025600,2023-03-31,경기도,평택시,포승읍,24370,14939,9431,24277,14882,9395,-93,-57,-36
4122025900,2023-03-31,경기도,평택시,청북읍,26908,14387,12521,26854,14377,12477,-54,-10,-44
4122031000,2023-03-31,경기도,평택시,진위면,11384,6282,5102,11367,6280,5087,-17,-2,-15
4122032000,2023-03-31,경기도,평택시,서탄면,3601,2012,1589,3593,2010,1583,-8,-2,-6
4122033000,2023-03-31,경기도,평택시,고덕면,13165,7048,6117,13056,7001,6055,-109,-47,-62
4122034000,2023-03-31,경기도,평택시,오성면,6628,3555,3073,6597,3535,3062,-31,-20,-11
4122037000,2023-03-31,경기도,평택시,현덕면,4952,2634,2318,4937,2621,2316,-15,-13,-2
4122051000,2023-03-31,경기도,평택시,중앙동,43953,23138,20815,43868,23124,20744,-85,-14,-71
4122052000,2023-03-31,경기도,평택시,서정동,24555,12669,11886,24458,12621,11837,-97,-48,-49
4122053500,2023-03-31,경기도,평택시,송탄동,22210,11622,10588,22213,11640,10573,3,18,-15
4122055000,2023-03-31,경기도,평택시,지산동,12883,7238,5645,12794,7189,5605,-89,-49,-40
4122056000,2023-03-31,경기도,평택시,송북동,21909,11039,10870,21848,10996,10852,-61,-43,-18
4122057000,2023-03-31,경기도,평택시,신장1동,7140,3771,3369,7140,3763,3377,0,-8,8
4122058000,2023-03-31,경기도,평택시,신장2동,5287,2909,2378,5278,2901,2377,-9,-8,-1
4122059000,2023-03-31,경기도,평택시,신평동,21091,11102,9989,21033,11079,9954,-58,-23,-35
4122060000,2023-03-31,경기도,평택시,원평동,13396,7070,6326,13366,7058,6308,-30,-12,-18
4122061000,2023-03-31,경기도,평택시,통복동,3969,2102,1867,3977,2099,1878,8,-3,11
4122062000,2023-03-31,경기도,평택시,비전1동,51853,26054,25799,51650,25966,25684,-203,-88,-115
4122063000,2023-03-31,경기도,평택시,비전2동,58191,28846,29345,58069,28775,29294,-122,-71,-51
4122063500,2023-03-31,경기도,평택시,용이동,25849,13694,12155,25851,13682,12169,2,-12,14
4122064000,2023-03-31,경기도,평택시,세교동,34261,17343,16918,34401,17413,16988,140,70,70
4122065000,2023-03-31,경기도,평택시,동삭동,40236,21009,19227,40572,21159,19413,336,150,186
4122066000,2023-03-31,경기도,평택시,고덕동,31220,16615,14605,33372,17793,15579,2152,1178,974
4125051000,2023-03-31,경기도,동두천시,생연1동,6656,3355,3301,6624,3337,3287,-32,-18,-14
4125052000,2023-03-31,경기도,동두천시,생연2동,11458,5610,5848,11431,5592,5839,-27,-18,-9
4125053500,2023-03-31,경기도,동두천시,중앙동,4702,2444,2258,4687,2437,2250,-15,-7,-8
4125055000,2023-03-31,경기도,동두천시,보산동,2822,1374,1448,2819,1373,1446,-3,-1,-2
4125056500,2023-03-31,경기도,동두천시,불현동,26146,12829,13317,26079,12810,13269,-67,-19,-48
4125056600,2023-03-31,경기도,동두천시,송내동,25199,12397,12802,25113,12352,12761,-86,-45,-41
4125058000,2023-03-31,경기도,동두천시,소요동,8767,4573,4194,8731,4554,4177,-36,-19,-17
4125060000,2023-03-31,경기도,동두천시,상패동,5133,2764,2369,5098,2750,2348,-35,-14,-21
4127151000,2023-03-31,경기도,안산시 상록구,일동,24283,12367,11916,24230,12339,11891,-53,-28,-25
4127151500,2023-03-31,경기도,안산시 상록구,이동,23395,12627,10768,23328,12588,10740,-67,-39,-28
4127152500,2023-03-31,경기도,안산시 상록구,사동,31549,16623,14926,31384,16553,14831,-165,-70,-95
4127153200,2023-03-31,경기도,안산시 상록구,사이동,31637,15999,15638,31566,15971,15595,-71,-28,-43
4127153700,2023-03-31,경기도,안산시 상록구,해양동,40888,20539,20349,40909,20575,20334,21,36,-15
4127154000,2023-03-31,경기도,안산시 상록구,본오1동,36627,19021,17606,36483,18945,17538,-144,-76,-68
4127155000,2023-03-31,경기도,안산시 상록구,본오2동,25534,12620,12914,25482,12587,12895,-52,-33,-19
4127156000,2023-03-31,경기도,안산시 상록구,본오3동,19113,9525,9588,19041,9482,9559,-72,-43,-29
4127157000,2023-03-31,경기도,안산시 상록구,부곡동,21193,10889,10304,21127,10862,10265,-66,-27,-39
4127158000,2023-03-31,경기도,안산시 상록구,월피동,37402,19084,18318,37346,19054,18292,-56,-30,-26
4127159000,2023-03-31,경기도,안산시 상록구,성포동,25521,12439,13082,25416,12381,13035,-105,-58,-47
4127160000,2023-03-31,경기도,안산시 상록구,반월동,17070,8590,8480,17030,8575,8455,-40,-15,-25
4127161000,2023-03-31,경기도,안산시 상록구,안산동,8840,4635,4205,8820,4624,4196,-20,-11,-9
4127351000,2023-03-31,경기도,안산시 단원구,와동,37503,19903,17600,37371,19838,17533,-132,-65,-67
4127352500,2023-03-31,경기도,안산시 단원구,고잔동,21056,10550,10506,21008,10508,10500,-48,-42,-6
4127353200,2023-03-31,경기도,안산시 단원구,중앙동,23225,11546,11679,23220,11538,11682,-5,-8,3
4127353500,2023-03-31,경기도,안산시 단원구,호수동,43021,21648,21373,42976,21640,21336,-45,-8,-37
4127354500,2023-03-31,경기도,안산시 단원구,원곡동,5878,3348,2530,5846,3329,2517,-32,-19,-13
4127355500,2023-03-31,경기도,안산시 단원구,백운동,21231,10668,10563,21924,11012,10912,693,344,349
4127356500,2023-03-31,경기도,안산시 단원구,신길동,21976,11818,10158,21852,11750,10102,-124,-68,-56
4127357000,2023-03-31,경기도,안산시 단원구,초지동,46407,23801,22606,46216,23700,22516,-191,-101,-90
4127358000,2023-03-31,경기도,안산시 단원구,선부1동,17287,8792,8495,17206,8757,8449,-81,-35,-46
4127359000,2023-03-31,경기도,안산시 단원구,선부2동,15547,8385,7162,15442,8312,7130,-105,-73,-32
4127360000,2023-03-31,경기도,안산시 단원구,선부3동,33923,17452,16471,33807,17389,16418,-116,-63,-53
4127361000,2023-03-31,경기도,안산시 단원구,대부동,9249,4876,4373,9234,4863,4371,-15,-13,-2
4128151000,2023-03-31,경기도,고양시 덕양구,주교동,11325,5826,5499,11281,5797,5484,-44,-29,-15
4128152000,2023-03-31,경기도,고양시 덕양구,원신동,23096,11024,12072,23136,11049,12087,40,25,15
4128153000,2023-03-31,경기도,고양시 덕양구,흥도동,29722,14594,15128,29752,14602,15150,30,8,22
4128154000,2023-03-31,경기도,고양시 덕양구,성사1동,21561,10749,10812,21542,10732,10810,-19,-17,-2
4128155000,2023-03-31,경기도,고양시 덕양구,성사2동,10882,5250,5632,10862,5237,5625,-20,-13,-7
4128156000,2023-03-31,경기도,고양시 덕양구,효자동,21490,10471,11019,21592,10523,11069,102,52,50
4128157600,2023-03-31,경기도,고양시 덕양구,삼송1동,19599,9395,10204,19853,9528,10325,254,133,121
4128157700,2023-03-31,경기도,고양시 덕양구,삼송2동,28681,13339,15342,28655,13326,15329,-26,-13,-13
4128158000,2023-03-31,경기도,고양시 덕양구,창릉동,23575,11615,11960,23515,11567,11948,-60,-48,-12
4128159000,2023-03-31,경기도,고양시 덕양구,고양동,29014,14601,14413,28915,14558,14357,-99,-43,-56
4128160000,2023-03-31,경기도,고양시 덕양구,관산동,35788,18106,17682,35692,18058,17634,-96,-48,-48
4128161000,2023-03-31,경기도,고양시 덕양구,능곡동,17130,8792,8338,17572,9019,8553,442,227,215
4128162100,2023-03-31,경기도,고양시 덕양구,화정1동,36469,17682,18787,36371,17611,18760,-98,-71,-27
4128162200,2023-03-31,경기도,고양시 덕양구,화정2동,31687,15280,16407,31677,15288,16389,-10,8,-18
4128163000,2023-03-31,경기도,고양시 덕양구,행주동,17971,9468,8503,17950,9456,8494,-21,-12,-9
4128164000,2023-03-31,경기도,고양시 덕양구,행신1동,21050,10249,10801,20977,10209,10768,-73,-40,-33
4128165000,2023-03-31,경기도,고양시 덕양구,행신2동,30703,15005,15698,30667,14968,15699,-36,-37,1
4128165500,2023-03-31,경기도,고양시 덕양구,행신3동,23274,11063,12211,23227,11018,12209,-47,-45,-2
4128165600,2023-03-31,경기도,고양시 덕양구,행신4동,20262,10112,10150,20202,10081,10121,-60,-31,-29
4128166000,2023-03-31,경기도,고양시 덕양구,화전동,27885,13930,13955,27915,13929,13986,30,-1,31
4128167000,2023-03-31,경기도,고양시 덕양구,대덕동,12897,6517,6380,13828,7008,6820,931,491,440
4128551000,2023-03-31,경기도,고양시 일산동구,식사동,40590,19714,20876,40521,19690,20831,-69,-24,-45
4128552500,2023-03-31,경기도,고양시 일산동구,중산1동,21113,10232,10881,21060,10209,10851,-53,-23,-30
4128552600,2023-03-31,경기도,고양시 일산동구,중산2동,24092,11534,12558,24044,11506,12538,-48,-28,-20
4128553000,2023-03-31,경기도,고양시 일산동구,정발산동,22447,10812,11635,22353,10760,11593,-94,-52,-42
4128554000,2023-03-31,경기도,고양시 일산동구,풍산동,37552,18061,19491,37473,18008,19465,-79,-53,-26
4128555100,2023-03-31,경기도,고양시 일산동구,백석1동,29381,13945,15436,29278,13902,15376,-103,-43,-60
4128555200,2023-03-31,경기도,고양시 일산동구,백석2동,20292,9717,10575,20214,9678,10536,-78,-39,-39
4128556000,2023-03-31,경기도,고양시 일산동구,마두1동,23259,11174,12085,23202,11153,12049,-57,-21,-36
4128557000,2023-03-31,경기도,고양시 일산동구,마두2동,15625,7342,8283,15561,7309,8252,-64,-33,-31
4128558000,2023-03-31,경기도,고양시 일산동구,장항1동,11052,5584,5468,11020,5549,5471,-32,-35,3
4128559000,2023-03-31,경기도,고양시 일산동구,장항2동,26674,13097,13577,26578,13041,13537,-96,-56,-40
4128560000,2023-03-31,경기도,고양시 일산동구,고봉동,22551,11824,10727,22448,11759,10689,-103,-65,-38
4128751000,2023-03-31,경기도,고양시 일산서구,일산1동,26029,12553,13476,25990,12519,13471,-39,-34,-5
4128752000,2023-03-31,경기도,고양시 일산서구,일산2동,18721,9272,9449,18956,9408,9548,235,136,99
4128753000,2023-03-31,경기도,고양시 일산서구,일산3동,34061,16492,17569,33983,16446,17537,-78,-46,-32
4128754500,2023-03-31,경기도,고양시 일산서구,탄현1동,30453,14964,15489,30373,14953,15420,-80,-11,-69
4128754600,2023-03-31,경기도,고양시 일산서구,탄현2동,19448,9358,10090,19383,9328,10055,-65,-30,-35
4128755000,2023-03-31,경기도,고양시 일산서구,주엽1동,27113,12697,14416,27059,12680,14379,-54,-17,-37
4128756000,2023-03-31,경기도,고양시 일산서구,주엽2동,27639,12915,14724,27581,12889,14692,-58,-26,-32
4128757000,2023-03-31,경기도,고양시 일산서구,대화동,35030,17035,17995,34925,16986,17939,-105,-49,-56
4128758000,2023-03-31,경기도,고양시 일산서구,송포동,20801,10250,10551,20748,10223,10525,-53,-27,-26
4128760000,2023-03-31,경기도,고양시 일산서구,덕이동,31035,15210,15825,30959,15184,15775,-76,-26,-50
4128761000,2023-03-31,경기도,고양시 일산서구,가좌동,19068,9452,9616,19019,9425,9594,-49,-27,-22
4129051000,2023-03-31,경기도,과천시,중앙동,11217,5432,5785,11303,5470,5833,86,38,48
4129052000,2023-03-31,경기도,과천시,갈현동,21781,10613,11168,21895,10677,11218,114,64,50
4129053000,2023-03-31,경기도,과천시,별양동,14648,7132,7516,14693,7158,7535,45,26,19
4129054000,2023-03-31,경기도,과천시,부림동,14796,7296,7500,14735,7264,7471,-61,-32,-29
4129055000,2023-03-31,경기도,과천시,과천동,8868,4601,4267,8853,4591,4262,-15,-10,-5
4129056000,2023-03-31,경기도,과천시,문원동,7216,3506,3710,7175,3480,3695,-41,-26,-15
4131051000,2023-03-31,경기도,구리시,갈매동,30123,14852,15271,30143,14844,15299,20,-8,28
4131052000,2023-03-31,경기도,구리시,동구동,36377,17879,18498,36311,17836,18475,-66,-43,-23
4131053000,2023-03-31,경기도,구리시,인창동,22895,11155,11740,23341,11398,11943,446,243,203
4131054100,2023-03-31,경기도,구리시,교문1동,15764,8119,7645,15744,8112,7632,-20,-7,-13
4131054200,2023-03-31,경기도,구리시,교문2동,21281,10318,10963,21283,10326,10957,2,8,-6
4131057000,2023-03-31,경기도,구리시,수택1동,15448,7707,7741,15475,7722,7753,27,15,12
4131058000,2023-03-31,경기도,구리시,수택2동,25036,12407,12629,24961,12354,12607,-75,-53,-22
4131059000,2023-03-31,경기도,구리시,수택3동,21512,10884,10628,21451,10851,10600,-61,-33,-28
4136025000,2023-03-31,경기도,남양주시,와부읍,58080,28588,29492,57973,28536,29437,-107,-52,-55
4136025300,2023-03-31,경기도,남양주시,진접읍,95879,48233,47646,95771,48167,47604,-108,-66,-42
4136025600,2023-03-31,경기도,남양주시,화도읍,65745,32772,32973,65598,32705,32893,-147,-67,-80
4136025700,2023-03-31,경기도,남양주시,화도읍동부출장소,14220,7149,7071,14102,7079,7023,-118,-70,-48
4136025800,2023-03-31,경기도,남양주시,화도읍남부출장소,36418,18263,18155,36365,18230,18135,-53,-33,-20
4136025900,2023-03-31,경기도,남양주시,진건읍,22048,11461,10587,21880,11378,10502,-168,-83,-85
4136026200,2023-03-31,경기도,남양주시,오남읍,52463,26334,26129,52432,26304,26128,-31,-30,-1
4136026500,2023-03-31,경기도,남양주시,퇴계원읍,28090,13971,14119,27999,13929,14070,-91,-42,-49
4136031000,2023-03-31,경기도,남양주시,별내면,18884,9446,9438,18834,9412,9422,-50,-34,-16
4136034000,2023-03-31,경기도,남양주시,수동면,8821,4623,4198,8821,4629,4192,0,6,-6
4136036000,2023-03-31,경기도,남양주시,조안면,3978,2066,1912,3943,2041,1902,-35,-25,-10
4136051000,2023-03-31,경기도,남양주시,호평동,56564,27573,28991,56538,27565,28973,-26,-8,-18
4136052000,2023-03-31,경기도,남양주시,평내동,37811,18553,19258,37852,18583,19269,41,30,11
4136053000,2023-03-31,경기도,남양주시,금곡동,18017,9236,8781,17978,9215,8763,-39,-21,-18
4136054000,2023-03-31,경기도,남양주시,양정동,3660,2130,1530,3615,2106,1509,-45,-24,-21
4136054500,2023-03-31,경기도,남양주시,다산1동,100413,49214,51199,100535,49287,51248,122,73,49
4136056500,2023-03-31,경기도,남양주시,다산2동,35545,17358,18187,35570,17373,18197,25,15,10
4136057000,2023-03-31,경기도,남양주시,별내동,79848,38762,41086,79843,38759,41084,-5,-3,-2
4137051000,2023-03-31,경기도,오산시,중앙동,35154,17644,17510,35071,17588,17483,-83,-56,-27
4137053000,2023-03-31,경기도,오산시,남촌동,20660,12467,8193,20633,12468,8165,-27,1,-28
4137054000,2023-03-31,경기도,오산시,신장동,60386,30578,29808,60327,30545,29782,-59,-33,-26
4137055000,2023-03-31,경기도,오산시,세마동,31864,16381,15483,31875,16386,15489,11,5,6
4137056000,2023-03-31,경기도,오산시,초평동,16704,8659,8045,16701,8657,8044,-3,-2,-1
4137057000,2023-03-31,경기도,오산시,대원동,64647,33769,30878,64640,33766,30874,-7,-3,-4
4139051000,2023-03-31,경기도,시흥시,대야동,43133,21814,21319,43088,21782,21306,-45,-32,-13
4139052000,2023-03-31,경기도,시흥시,신천동,34940,17997,16943,34740,17896,16844,-200,-101,-99
4139053100,2023-03-31,경기도,시흥시,신현동,9547,5022,4525,9502,5002,4500,-45,-20,-25
4139054000,2023-03-31,경기도,시흥시,은행동,55471,27625,27846,55403,27582,27821,-68,-43,-25
4139055000,2023-03-31,경기도,시흥시,매화동,11848,6230,5618,11778,6196,5582,-70,-34,-36
4139057000,2023-03-31,경기도,시흥시,목감동,41531,21002,20529,41442,20958,20484,-89,-44,-45
4139058100,2023-03-31,경기도,시흥시,군자동,20862,10887,9975,20738,10834,9904,-124,-53,-71
4139058200,2023-03-31,경기도,시흥시,월곶동,17222,8943,8279,17261,8975,8286,39,32,7
4139058900,2023-03-31,경기도,시흥시,정왕본동,19670,12444,7226,19540,12360,7180,-130,-84,-46
4139059100,2023-03-31,경기도,시흥시,정왕1동,22288,13343,8945,22864,13791,9073,576,448,128
4139059200,2023-03-31,경기도,시흥시,정왕2동,33526,18253,15273,36014,19548,16466,2488,1295,1193
4139059300,2023-03-31,경기도,시흥시,정왕3동,22471,12773,9698,22265,12663,9602,-206,-110,-96
4139059400,2023-03-31,경기도,시흥시,정왕4동,20410,10122,10288,20240,10052,10188,-170,-70,-100
4139059600,2023-03-31,경기도,시흥시,배곧1동,35349,17629,17720,35249,17584,17665,-100,-45,-55
4139059700,2023-03-31,경기도,시흥시,배곧2동,35461,18535,16926,35331,18467,16864,-130,-68,-62
4139062100,2023-03-31,경기도,시흥시,과림동,1884,1158,726,1855,1140,715,-29,-18,-11
4139063000,2023-03-31,경기도,시흥시,연성동,24435,12511,11924,24391,12482,11909,-44,-29,-15
4139063100,2023-03-31,경기도,시흥시,장곡동,39872,20084,19788,40602,20451,20151,730,367,363
4139064000,2023-03-31,경기도,시흥시,능곡동,25138,12469,12669,25033,12413,12620,-105,-56,-49
4141051000,2023-03-31,경기도,군포시,군포1동,32797,17324,15473,32683,17269,15414,-114,-55,-59
4141052000,2023-03-31,경기도,군포시,군포2동,42801,21251,21550,42739,21225,21514,-62,-26,-36
4141054000,2023-03-31,경기도,군포시,산본1동,15409,7817,7592,15324,7780,7544,-85,-37,-48
4141055000,2023-03-31,경기도,군포시,산본2동,25885,12499,13386,25888,12495,13393,3,-4,7
4141056000,2023-03-31,경기도,군포시,금정동,19780,10299,9481,19821,10322,9499,41,23,18
4141057000,2023-03-31,경기도,군포시,재궁동,18020,8496,9524,17988,8488,9500,-32,-8,-24
4141058000,2023-03-31,경기도,군포시,오금동,20860,10095,10765,20849,10085,10764,-11,-10,-1
4141059000,2023-03-31,경기도,군포시,수리동,15813,7534,8279,15763,7505,8258,-50,-29,-21
4141060000,2023-03-31,경기도,군포시,궁내동,20052,9815,10237,20038,9806,10232,-14,-9,-5
4141061000,2023-03-31,경기도,군포시,대야동,9484,4749,4735,9450,4731,4719,-34,-18,-16
4141062000,2023-03-31,경기도,군포시,광정동,24064,11703,12361,24027,11693,12334,-37,-10,-27
4141063000,2023-03-31,경기도,군포시,송부동,20683,10210,10473,20682,10210,10472,-1,0,-1
4143051000,2023-03-31,경기도,의왕시,고천동,13366,6775,6591,13048,6605,6443,-318,-170,-148
4143052000,2023-03-31,경기도,의왕시,부곡동,27925,14111,13814,27916,14115,13801,-9,4,-13
4143053000,2023-03-31,경기도,의왕시,오전동,38548,19167,19381,38493,19134,19359,-55,-33,-22
4143054000,2023-03-31,경기도,의왕시,내손1동,20359,9979,10380,20354,9966,10388,-5,-13,8
4143055000,2023-03-31,경기도,의왕시,내손2동,21943,10730,11213,21903,10719,11184,-40,-11,-29
4143056000,2023-03-31,경기도,의왕시,청계동,37560,18415,19145,37532,18423,19109,-28,8,-36
4145051000,2023-03-31,경기도,하남시,천현동,6878,3800,3078,6823,3773,3050,-55,-27,-28
4145052000,2023-03-31,경기도,하남시,신장1동,6733,3506,3227,6846,3571,3275,113,65,48
4145053000,2023-03-31,경기도,하남시,신장2동,46131,22788,23343,46123,22785,23338,-8,-3,-5
4145054000,2023-03-31,경기도,하남시,덕풍1동,14779,7519,7260,14735,7486,7249,-44,-33,-11
4145055000,2023-03-31,경기도,하남시,덕풍2동,18337,9236,9101,18283,9201,9082,-54,-35,-19
4145056000,2023-03-31,경기도,하남시,덕풍3동,25253,12525,12728,25236,12516,12720,-17,-9,-8
4145057000,2023-03-31,경기도,하남시,풍산동,29799,14712,15087,29821,14726,15095,22,14,8
4145058000,2023-03-31,경기도,하남시,감북동,2717,1513,1204,2704,1509,1195,-13,-4,-9
4145058200,2023-03-31,경기도,하남시,감일동,35795,17838,17957,35870,17885,17985,75,47,28
4145058500,2023-03-31,경기도,하남시,위례동,33086,16228,16858,33297,16347,16950,211,119,92
4145059000,2023-03-31,경기도,하남시,춘궁동,2939,1698,1241,2807,1633,1174,-132,-65,-67
4145060000,2023-03-31,경기도,하남시,초이동,3354,1904,1450,3334,1889,1445,-20,-15,-5
4145061000,2023-03-31,경기도,하남시,미사1동,53712,26509,27203,53745,26496,27249,33,-13,46
4145062000,2023-03-31,경기도,하남시,미사2동,47191,23169,24022,47144,23139,24005,-47,-30,-17
4146125000,2023-03-31,경기도,용인시 처인구,포곡읍,33436,17263,16173,33344,17203,16141,-92,-60,-32
4146125300,2023-03-31,경기도,용인시 처인구,모현읍,26711,13972,12739,26651,13945,12706,-60,-27,-33
4146125600,2023-03-31,경기도,용인시 처인구,이동읍,20519,10551,9968,20498,10525,9973,-21,-26,5
4146125900,2023-03-31,경기도,용인시 처인구,남사읍,23813,12047,11766,23899,12099,11800,86,52,34
4146134000,2023-03-31,경기도,용인시 처인구,원삼면,7935,4160,3775,7964,4185,3779,29,25,4
4146135000,2023-03-31,경기도,용인시 처인구,백암면,8223,4470,3753,8212,4458,3754,-11,-12,1
4146136000,2023-03-31,경기도,용인시 처인구,양지면,19511,10378,9133,19399,10326,9073,-112,-52,-60
4146151000,2023-03-31,경기도,용인시 처인구,중앙동,25034,12740,12294,24909,12677,12232,-125,-63,-62
4146152500,2023-03-31,경기도,용인시 처인구,역북동,31863,16087,15776,31771,16053,15718,-92,-34,-58
4146152600,2023-03-31,경기도,용인시 처인구,삼가동,12449,6145,6304,12449,6148,6301,0,3,-3
4146153000,2023-03-31,경기도,용인시 처인구,유림동,36055,18234,17821,36542,18483,18059,487,249,238
4146154000,2023-03-31,경기도,용인시 처인구,동부동,13117,6776,6341,13080,6753,6327,-37,-23,-14
4146351000,2023-03-31,경기도,용인시 기흥구,신갈동,37812,18876,18936,37764,18850,18914,-48,-26,-22
4146351600,2023-03-31,경기도,용인시 기흥구,영덕1동,30118,14956,15162,30098,14946,15152,-20,-10,-10
4146351700,2023-03-31,경기도,용인시 기흥구,영덕2동,17369,8572,8797,17375,8579,8796,6,7,-1
4146352000,2023-03-31,경기도,용인시 기흥구,구갈동,41321,20738,20583,41315,20728,20587,-6,-10,4
4146353000,2023-03-31,경기도,용인시 기흥구,상갈동,13113,6823,6290,13091,6800,6291,-22,-23,1
4146353500,2023-03-31,경기도,용인시 기흥구,보라동,32933,16237,16696,32894,16225,16669,-39,-12,-27
4146354000,2023-03-31,경기도,용인시 기흥구,기흥동,21437,10646,10791,21438,10640,10798,1,-6,7
4146355000,2023-03-31,경기도,용인시 기흥구,서농동,25998,13375,12623,25919,13357,12562,-79,-18,-61
4146356000,2023-03-31,경기도,용인시 기흥구,구성동,39776,19162,20614,39798,19159,20639,22,-3,25
4146357000,2023-03-31,경기도,용인시 기흥구,마북동,31712,15481,16231,31585,15421,16164,-127,-60,-67
4146357200,2023-03-31,경기도,용인시 기흥구,동백1동,32321,15477,16844,32213,15414,16799,-108,-63,-45
4146357500,2023-03-31,경기도,용인시 기흥구,동백2동,27093,13328,13765,27006,13283,13723,-87,-45,-42
4146357700,2023-03-31,경기도,용인시 기흥구,동백3동,26849,13036,13813,26880,13047,13833,31,11,20
4146358600,2023-03-31,경기도,용인시 기흥구,상하동,23930,11638,12292,23908,11621,12287,-22,-17,-5
4146359000,2023-03-31,경기도,용인시 기흥구,보정동,35649,17489,18160,35597,17463,18134,-52,-26,-26
4146551000,2023-03-31,경기도,용인시 수지구,풍덕천1동,35706,17826,17880,35642,17822,17820,-64,-4,-60
4146552000,2023-03-31,경기도,용인시 수지구,풍덕천2동,41637,20419,21218,41615,20417,21198,-22,-2,-20
4146553000,2023-03-31,경기도,용인시 수지구,신봉동,41048,19834,21214,41104,19854,21250,56,20,36
4146554000,2023-03-31,경기도,용인시 수지구,죽전1동,28635,13852,14783,28544,13804,14740,-91,-48,-43
4146555000,2023-03-31,경기도,용인시 수지구,죽전2동,18179,9044,9135,18191,9043,9148,12,-1,13
4146555500,2023-03-31,경기도,용인시 수지구,죽전3동,26628,12896,13732,26639,12903,13736,11,7,4
4146556000,2023-03-31,경기도,용인시 수지구,동천동,50684,24961,25723,50743,24971,25772,59,10,49
4146557000,2023-03-31,경기도,용인시 수지구,상현1동,20128,9669,10459,20081,9653,10428,-47,-16,-31
4146558000,2023-03-31,경기도,용인시 수지구,상현2동,33038,16033,17005,33027,16022,17005,-11,-11,0
4146558500,2023-03-31,경기도,용인시 수지구,상현3동,27719,13396,14323,27686,13377,14309,-33,-19,-14
4146559000,2023-03-31,경기도,용인시 수지구,성복동,54634,26333,28301,54642,26336,28306,8,3,5
4148025000,2023-03-31,경기도,파주시,문산읍,47572,24527,23045,47476,24466,23010,-96,-61,-35
4148025300,2023-03-31,경기도,파주시,파주읍,14165,7539,6626,14167,7540,6627,2,1,1
4148025600,2023-03-31,경기도,파주시,법원읍,10152,5426,4726,10110,5409,4701,-42,-17,-25
4148026200,2023-03-31,경기도,파주시,조리읍,29028,14737,14291,28902,14656,14246,-126,-81,-45
4148031000,2023-03-31,경기도,파주시,월롱면,9241,6164,3077,9233,6139,3094,-8,-25,17
4148032000,2023-03-31,경기도,파주시,탄현면,13238,7274,5964,13203,7244,5959,-35,-30,-5
4148035000,2023-03-31,경기도,파주시,광탄면,10873,5941,4932,10820,5910,4910,-53,-31,-22
4148036000,2023-03-31,경기도,파주시,파평면,3765,1999,1766,3739,1981,1758,-26,-18,-8
4148037000,2023-03-31,경기도,파주시,적성면,7142,3890,3252,7137,3876,3261,-5,-14,9
4148039000,2023-03-31,경기도,파주시,장단면,736,391,345,731,390,341,-5,-1,-4
4148051000,2023-03-31,경기도,파주시,금촌1동,22313,12014,10299,22210,11949,10261,-103,-65,-38
4148052000,2023-03-31,경기도,파주시,금촌2동,31931,15627,16304,31838,15583,16255,-93,-44,-49
4148053000,2023-03-31,경기도,파주시,금촌3동,26346,13444,12902,26228,13393,12835,-118,-51,-67
4148054000,2023-03-31,경기도,파주시,교하동,7686,4104,3582,7659,4081,3578,-27,-23,-4
4148055000,2023-03-31,경기도,파주시,운정1동,46845,22946,23899,46794,22957,23837,-51,11,-62
4148056000,2023-03-31,경기도,파주시,운정2동,62581,30489,32092,62855,30612,32243,274,123,151
4148057000,2023-03-31,경기도,파주시,운정3동,69815,34037,35778,69676,33993,35683,-139,-44,-95
4148058000,2023-03-31,경기도,파주시,운정4동,22833,11215,11618,22833,11209,11624,0,-6,6
4148059000,2023-03-31,경기도,파주시,운정5동,42816,21355,21461,42785,21357,21428,-31,2,-33
4148060000,2023-03-31,경기도,파주시,운정6동,16732,8429,8303,18054,9087,8967,1322,658,664
4150025000,2023-03-31,경기도,이천시,장호원읍,14280,7222,7058,14208,7178,7030,-72,-44,-28
4150025300,2023-03-31,경기도,이천시,부발읍,36409,19425,16984,36426,19448,16978,17,23,-6
4150031000,2023-03-31,경기도,이천시,신둔면,14081,7349,6732,14043,7334,6709,-38,-15,-23
4150032000,2023-03-31,경기도,이천시,백사면,11423,5833,5590,11440,5837,5603,17,4,13
4150033000,2023-03-31,경기도,이천시,호법면,5887,3181,2706,5863,3160,2703,-24,-21,-3
4150034000,2023-03-31,경기도,이천시,마장면,15520,8469,7051,15667,8549,7118,147,80,67
4150035000,2023-03-31,경기도,이천시,대월면,14481,7439,7042,14454,7400,7054,-27,-39,12
4150036000,2023-03-31,경기도,이천시,모가면,4276,2302,1974,4246,2292,1954,-30,-10,-20
4150037000,2023-03-31,경기도,이천시,설성면,4559,2435,2124,4560,2441,2119,1,6,-5
4150038000,2023-03-31,경기도,이천시,율면,2620,1366,1254,2609,1360,1249,-11,-6,-5
4150051000,2023-03-31,경기도,이천시,창전동,16567,8375,8192,16557,8371,8186,-10,-4,-6
4150051500,2023-03-31,경기도,이천시,증포동,57114,28498,28616,57064,28474,28590,-50,-24,-26
4150052000,2023-03-31,경기도,이천시,중리동,15162,8738,6424,15097,8699,6398,-65,-39,-26
4150053000,2023-03-31,경기도,이천시,관고동,9927,5113,4814,9914,5107,4807,-13,-6,-7
4155025000,2023-03-31,경기도,안성시,공도읍,60006,30346,29660,59981,30353,29628,-25,7,-32
4155031000,2023-03-31,경기도,안성시,보개면,5219,2747,2472,5214,2744,2470,-5,-3,-2
4155032000,2023-03-31,경기도,안성시,금광면,7293,3626,3667,7284,3614,3670,-9,-12,3
4155033000,2023-03-31,경기도,안성시,서운면,3154,1675,1479,3155,1671,1484,1,-4,5
4155034000,2023-03-31,경기도,안성시,미양면,5676,3106,2570,5678,3112,2566,2,6,-4
4155035000,2023-03-31,경기도,안성시,대덕면,15439,8758,6681,15432,8745,6687,-7,-13,6
4155036000,2023-03-31,경기도,안성시,양성면,5156,2704,2452,5154,2707,2447,-2,3,-5
4155038000,2023-03-31,경기도,안성시,원곡면,6593,3681,2912,6573,3668,2905,-20,-13,-7
4155039000,2023-03-31,경기도,안성시,일죽면,7316,3837,3479,7338,3849,3489,22,12,10
4155040000,2023-03-31,경기도,안성시,죽산면,6795,3615,3180,6795,3620,3175,0,5,-5
4155041000,2023-03-31,경기도,안성시,삼죽면,3667,1869,1798,3730,1906,1824,63,37,26
4155042000,2023-03-31,경기도,안성시,고삼면,1879,995,884,1890,1001,889,11,6,5
4155051000,2023-03-31,경기도,안성시,안성1동,12012,6020,5992,11999,6015,5984,-13,-5,-8
4155052000,2023-03-31,경기도,안성시,안성2동,26264,13419,12845,26226,13406,12820,-38,-13,-25
4155053000,2023-03-31,경기도,안성시,안성3동,22165,11164,11001,22125,11150,10975,-40,-14,-26
4157025000,2023-03-31,경기도,김포시,통진읍,31461,16726,14735,31660,16829,14831,199,103,96
4157025300,2023-03-31,경기도,김포시,고촌읍,47939,23798,24141,47968,23826,24142,29,28,1
4157025600,2023-03-31,경기도,김포시,양촌읍,29838,15684,14154,29816,15670,14146,-22,-14,-8
4157034000,2023-03-31,경기도,김포시,대곶면,9861,5749,4112,9806,5722,4084,-55,-27,-28
4157035000,2023-03-31,경기도,김포시,월곶면,5318,2924,2394,5308,2918,2390,-10,-6,-4
4157036000,2023-03-31,경기도,김포시,하성면,8082,4403,3679,8060,4386,3674,-22,-17,-5
4157051500,2023-03-31,경기도,김포시,김포본동,59263,29110,30153,59267,29101,30166,4,-9,13
4157052500,2023-03-31,경기도,김포시,장기본동,39010,19003,20007,39040,19019,20021,30,16,14
4157054000,2023-03-31,경기도,김포시,사우동,21855,10956,10899,21801,10932,10869,-54,-24,-30
4157055000,2023-03-31,경기도,김포시,풍무동,60560,29418,31142,60534,29369,31165,-26,-49,23
4157056000,2023-03-31,경기도,김포시,장기동,41034,20040,20994,41040,20052,20988,6,12,-6
4157057000,2023-03-31,경기도,김포시,구래동,45312,22559,22753,45273,22525,22748,-39,-34,-5
4157057500,2023-03-31,경기도,김포시,마산동,35850,17756,18094,35785,17713,18072,-65,-43,-22
4157058000,2023-03-31,경기도,김포시,운양동,49153,23941,25212,49156,23967,25189,3,26,-23
4159025300,2023-03-31,경기도,화성시,봉담읍,88068,44604,43464,88051,44569,43482,-17,-35,18
4159025600,2023-03-31,경기도,화성시,우정읍,17522,9619,7903,17506,9614,7892,-16,-5,-11
4159025900,2023-03-31,경기도,화성시,향남읍,86494,46426,40068,86329,46315,40014,-165,-111,-54
4159026200,2023-03-31,경기도,화성시,남양읍,51015,27722,23293,51668,28052,23616,653,330,323
4159031000,2023-03-31,경기도,화성시,매송면,6815,3634,3181,6809,3629,3180,-6,-5,-1
4159032000,2023-03-31,경기도,화성시,비봉면,7000,3980,3020,6970,3963,3007,-30,-17,-13
4159033000,2023-03-31,경기도,화성시,마도면,6953,4180,2773,6938,4174,2764,-15,-6,-9
4159034000,2023-03-31,경기도,화성시,송산면,10954,5994,4960,10943,5992,4951,-11,-2,-9
4159035000,2023-03-31,경기도,화성시,서신면,7208,4003,3205,7202,4006,3196,-6,3,-9
4159036000,2023-03-31,경기도,화성시,팔탄면,10027,6110,3917,10002,6105,3897,-25,-5,-20
4159037000,2023-03-31,경기도,화성시,장안면,10177,5914,4263,10150,5884,4266,-27,-30,3
4159040000,2023-03-31,경기도,화성시,양감면,4009,2482,1527,4023,2490,1533,14,8,6
4159041000,2023-03-31,경기도,화성시,정남면,11266,6567,4699,11248,6562,4686,-18,-5,-13
4159051500,2023-03-31,경기도,화성시,새솔동,25419,12747,12672,25433,12757,12676,14,10,4
4159052000,2023-03-31,경기도,화성시,진안동,48386,26361,22025,48996,26686,22310,610,325,285
4159053000,2023-03-31,경기도,화성시,병점1동,36815,18922,17893,36778,18901,17877,-37,-21,-16
4159054000,2023-03-31,경기도,화성시,병점2동,23263,11351,11912,23163,11305,11858,-100,-46,-54
4159055000,2023-03-31,경기도,화성시,반월동,34179,17309,16870,35722,18061,17661,1543,752,791
4159056000,2023-03-31,경기도,화성시,기배동,16257,8261,7996,16254,8249,8005,-3,-12,9
4159057000,2023-03-31,경기도,화성시,화산동,23819,12600,11219,23914,12662,11252,95,62,33
4159058500,2023-03-31,경기도,화성시,동탄1동,50518,26141,24377,50460,26102,24358,-58,-39,-19
4159058600,2023-03-31,경기도,화성시,동탄2동,34560,16988,17572,34403,16897,17506,-157,-91,-66
4159058700,2023-03-31,경기도,화성시,동탄3동,41016,21174,19842,41023,21183,19840,7,9,-2
4159058800,2023-03-31,경기도,화성시,동탄4동,52977,26305,26672,52977,26297,26680,0,-8,8
4159059000,2023-03-31,경기도,화성시,동탄5동,46077,23082,22995,46135,23155,22980,58,73,-15
4159060000,2023-03-31,경기도,화성시,동탄6동,42024,21639,20385,42505,21896,20609,481,257,224
4159061000,2023-03-31,경기도,화성시,동탄7동,92796,46582,46214,93400,46866,46534,604,284,320
4159062000,2023-03-31,경기도,화성시,동탄8동,33251,16740,16511,33229,16741,16488,-22,1,-23
4161025300,2023-03-31,경기도,광주시,초월읍,48136,24943,23193,48252,25043,23209,116,100,16
4161025900,2023-03-31,경기도,광주시,곤지암읍,22681,12146,10535,22681,12173,10508,0,27,-27
4161033000,2023-03-31,경기도,광주시,도척면,9462,5194,4268,9429,5168,4261,-33,-26,-7
4161034000,2023-03-31,경기도,광주시,퇴촌면,15832,8026,7806,15824,8033,7791,-8,7,-15
4161035000,2023-03-31,경기도,광주시,남종면,1455,776,679,1465,777,688,10,1,9
4161037000,2023-03-31,경기도,광주시,남한산성면,2350,1221,1129,2355,1225,1130,5,4,1
4161051000,2023-03-31,경기도,광주시,경안동,29295,15043,14252,29272,15011,14261,-23,-32,9
4161052000,2023-03-31,경기도,광주시,송정동,21565,10943,10622,21507,10910,10597,-58,-33,-25
4161054000,2023-03-31,경기도,광주시,쌍령동,18134,9069,9065,18121,9054,9067,-13,-15,2
4161055000,2023-03-31,경기도,광주시,탄벌동,38676,19652,19024,38672,19658,19014,-4,6,-10
4161056000,2023-03-31,경기도,광주시,광남1동,34115,17443,16672,34104,17425,16679,-11,-18,7
4161057000,2023-03-31,경기도,광주시,광남2동,33355,16547,16808,33469,16600,16869,114,53,61
4161058000,2023-03-31,경기도,광주시,오포1동,21443,11052,10391,21497,11089,10408,54,37,17
4161059000,2023-03-31,경기도,광주시,오포2동,34081,17310,16771,34038,17293,16745,-43,-17,-26
4161060000,2023-03-31,경기도,광주시,신현동,36898,18380,18518,36848,18331,18517,-50,-49,-1
4161061000,2023-03-31,경기도,광주시,능평동,23472,11721,11751,23415,11678,11737,-57,-43,-14
4163025000,2023-03-31,경기도,양주시,백석읍,25758,13039,12719,25660,12982,12678,-98,-57,-41
4163031000,2023-03-31,경기도,양주시,은현면,5584,3177,2407,5553,3158,2395,-31,-19,-12
4163032000,2023-03-31,경기도,양주시,남면,6705,3773,2932,6640,3734,2906,-65,-39,-26
4163033000,2023-03-31,경기도,양주시,광적면,11531,6265,5266,11499,6245,5254,-32,-20,-12
4163034000,2023-03-31,경기도,양주시,장흥면,11579,5946,5633,11663,5978,5685,84,32,52
4163051000,2023-03-31,경기도,양주시,양주1동,4931,2574,2357,4896,2554,2342,-35,-20,-15
4163052000,2023-03-31,경기도,양주시,양주2동,51036,24995,26041,50991,24978,26013,-45,-17,-28
4163053000,2023-03-31,경기도,양주시,회천1동,9447,5006,4441,9405,4981,4424,-42,-25,-17
4163054000,2023-03-31,경기도,양주시,회천2동,29439,14833,14606,30606,15395,15211,1167,562,605
4163055000,2023-03-31,경기도,양주시,회천3동,26319,13050,13269,26199,12997,13202,-120,-53,-67
4163056000,2023-03-31,경기도,양주시,회천4동,66239,33021,33218,67586,33688,33898,1347,667,680
4165025000,2023-03-31,경기도,포천시,소흘읍,44173,22531,21642,44080,22487,21593,-93,-44,-49
4165031000,2023-03-31,경기도,포천시,군내면,8415,4566,3849,8379,4541,3838,-36,-25,-11
4165032000,2023-03-31,경기도,포천시,내촌면,4461,2607,1854,4453,2606,1847,-8,-1,-7
4165033000,2023-03-31,경기도,포천시,가산면,7377,4343,3034,7378,4349,3029,1,6,-5
4165034000,2023-03-31,경기도,포천시,신북면,12136,6707,5429,12102,6690,5412,-34,-17,-17
4165035000,2023-03-31,경기도,포천시,창수면,2058,1146,912,2054,1140,914,-4,-6,2
4165036000,2023-03-31,경기도,포천시,영중면,4676,2509,2167,4692,2515,2177,16,6,10
4165037000,2023-03-31,경기도,포천시,일동면,9336,4917,4419,9291,4887,4404,-45,-30,-15
4165038000,2023-03-31,경기도,포천시,이동면,5926,3221,2705,5834,3176,2658,-92,-45,-47
4165039000,2023-03-31,경기도,포천시,영북면,7994,4315,3679,7995,4314,3681,1,-1,2
4165040000,2023-03-31,경기도,포천시,관인면,2613,1357,1256,2601,1351,1250,-12,-6,-6
4165041000,2023-03-31,경기도,포천시,화현면,2665,1428,1237,2614,1396,1218,-51,-32,-19
4165051000,2023-03-31,경기도,포천시,포천동,19315,9732,9583,19368,9764,9604,53,32,21
4165052000,2023-03-31,경기도,포천시,선단동,14782,7953,6829,14773,7954,6819,-9,1,-10
4167025000,2023-03-31,경기도,여주시,가남읍,14773,7705,7068,14770,7714,7056,-3,9,-12
4167031000,2023-03-31,경기도,여주시,점동면,4830,2500,2330,4808,2491,2317,-22,-9,-13
4167032000,2023-03-31,경기도,여주시,흥천면,5073,2678,2395,5083,2687,2396,10,9,1
4167033000,2023-03-31,경기도,여주시,금사면,2968,1523,1445,2961,1512,1449,-7,-11,4
4167034500,2023-03-31,경기도,여주시,세종대왕면,6070,3158,2912,6068,3152,2916,-2,-6,4
4167035000,2023-03-31,경기도,여주시,대신면,6810,3545,3265,6789,3533,3256,-21,-12,-9
4167036000,2023-03-31,경기도,여주시,북내면,4815,2530,2285,4803,2525,2278,-12,-5,-7
4167037000,2023-03-31,경기도,여주시,강천면,4330,2249,2081,4326,2249,2077,-4,0,-4
4167038000,2023-03-31,경기도,여주시,산북면,2495,1270,1225,2494,1274,1220,-1,4,-5
4167051000,2023-03-31,경기도,여주시,여흥동,21435,10726,10709,21453,10745,10708,18,19,-1
4167052000,2023-03-31,경기도,여주시,중앙동,21183,10589,10594,21212,10597,10615,29,8,21
4167053000,2023-03-31,경기도,여주시,오학동,18461,9170,9291,18442,9165,9277,-19,-5,-14
4180025000,2023-03-31,경기도,연천군,연천읍,7310,3951,3359,7325,3949,3376,15,-2,17
4180025300,2023-03-31,경기도,연천군,전곡읍,18529,9469,9060,18465,9440,9025,-64,-29,-35
4180031000,2023-03-31,경기도,연천군,군남면,3070,1641,1429,3060,1637,1423,-10,-4,-6
4180032000,2023-03-31,경기도,연천군,청산면,4241,2291,1950,4241,2295,1946,0,4,-4
4180033000,2023-03-31,경기도,연천군,백학면,2524,1343,1181,2505,1335,1170,-19,-8,-11
4180034000,2023-03-31,경기도,연천군,미산면,1704,927,777,1702,930,772,-2,3,-5
4180035000,2023-03-31,경기도,연천군,왕징면,1007,547,460,1014,550,464,7,3,4
4180036000,2023-03-31,경기도,연천군,신서면,2554,1347,1207,2559,1350,1209,5,3,2
4180037000,2023-03-31,경기도,연천군,중면,175,101,74,174,99,75,-1,-2,1
4180038000,2023-03-31,경기도,연천군,장남면,716,362,354,717,366,351,1,4,-3
4182025000,2023-03-31,경기도,가평군,가평읍,19570,9954,9616,19548,9942,9606,-22,-12,-10
4182031000,2023-03-31,경기도,가평군,설악면,9661,4974,4687,9616,4952,4664,-45,-22,-23
4182032500,2023-03-31,경기도,가평군,청평면,13859,7100,6759,13847,7095,6752,-12,-5,-7
4182033000,2023-03-31,경기도,가평군,상면,5614,2981,2633,5598,2976,2622,-16,-5,-11
4182034500,2023-03-31,경기도,가평군,조종면,9539,5076,4463,9526,5054,4472,-13,-22,9
4182035000,2023-03-31,경기도,가평군,북면,3826,1984,1842,3834,1990,1844,8,6,2
4183025000,2023-03-31,경기도,양평군,양평읍,32430,16220,16210,32740,16387,16353,310,167,143
4183031000,2023-03-31,경기도,양평군,강상면,10249,5113,5136,10247,5103,5144,-2,-10,8
4183032000,2023-03-31,경기도,양평군,강하면,4897,2466,2431,4902,2467,2435,5,1,4
4183033000,2023-03-31,경기도,양평군,양서면,13952,6940,7012,13942,6932,7010,-10,-8,-2
4183034000,2023-03-31,경기도,양평군,옥천면,8322,4244,4078,8296,4231,4065,-26,-13,-13
4183035000,2023-03-31,경기도,양평군,서종면,10080,5021,5059,10074,5021,5053,-6,0,-6
4183036000,2023-03-31,경기도,양평군,단월면,3946,2031,1915,3940,2025,1915,-6,-6,0
4183037000,2023-03-31,경기도,양평군,청운면,3805,1955,1850,3813,1964,1849,8,9,-1
4183038000,2023-03-31,경기도,양평군,양동면,4603,2330,2273,4604,2335,2269,1,5,-4
4183039500,2023-03-31,경기도,양평군,지평면,6982,3555,3427,6956,3534,3422,-26,-21,-5
4183040000,2023-03-31,경기도,양평군,용문면,17949,9048,8901,17898,9020,8878,-51,-28,-23
4183041000,2023-03-31,경기도,양평군,개군면,5263,2651,2612,5249,2642,2607,-14,-9,-5
4211025000,2023-03-31,강원도,춘천시,신북읍,7308,3657,3651,7310,3655,3655,2,-2,4
4211031000,2023-03-31,강원도,춘천시,동면,19353,9574,9779,19296,9536,9760,-57,-38,-19
4211032000,2023-03-31,강원도,춘천시,동산면,1440,777,663,1440,772,668,0,-5,5
4211033000,2023-03-31,강원도,춘천시,신동면,2593,1343,1250,2592,1341,1251,-1,-2,1
4211034000,2023-03-31,강원도,춘천시,남면,1074,583,491,1080,586,494,6,3,3
4211035000,2023-03-31,강원도,춘천시,서면,3701,1903,1798,3696,1900,1796,-5,-3,-2
4211036000,2023-03-31,강원도,춘천시,사북면,2413,1201,1212,2413,1194,1219,0,-7,7
4211038000,2023-03-31,강원도,춘천시,북산면,974,547,427,975,546,429,1,-1,2
4211039000,2023-03-31,강원도,춘천시,동내면,16846,8405,8441,16844,8397,8447,-2,-8,6
4211040000,2023-03-31,강원도,춘천시,남산면,3362,1776,1586,3355,1770,1585,-7,-6,-1
4211052000,2023-03-31,강원도,춘천시,교동,3561,1850,1711,3605,1882,1723,44,32,12
4211053000,2023-03-31,강원도,춘천시,조운동,2573,1273,1300,2557,1264,1293,-16,-9,-7
4211054500,2023-03-31,강원도,춘천시,약사명동,5379,2614,2765,5404,2630,2774,25,16,9
4211057000,2023-03-31,강원도,춘천시,근화동,8579,4310,4269,8579,4300,4279,0,-10,10
4211058000,2023-03-31,강원도,춘천시,소양동,8976,4406,4570,8957,4394,4563,-19,-12,-7
4211060000,2023-03-31,강원도,춘천시,후평1동,11159,5565,5594,11172,5560,5612,13,-5,18
4211061000,2023-03-31,강원도,춘천시,후평2동,14291,6773,7518,14300,6783,7517,9,10,-1
4211061100,2023-03-31,강원도,춘천시,후평3동,20208,9617,10591,20177,9594,10583,-31,-23,-8
4211062000,2023-03-31,강원도,춘천시,효자1동,4250,2140,2110,4238,2128,2110,-12,-12,0
4211063000,2023-03-31,강원도,춘천시,효자2동,11939,6320,5619,12019,6374,5645,80,54,26
4211064000,2023-03-31,강원도,춘천시,효자3동,4387,2193,2194,4417,2214,2203,30,21,9
4211065000,2023-03-31,강원도,춘천시,석사동,33868,16753,17115,33861,16735,17126,-7,-18,11
4211066000,2023-03-31,강원도,춘천시,퇴계동,47973,23072,24901,47902,23037,24865,-71,-35,-36
4211067500,2023-03-31,강원도,춘천시,강남동,25697,12513,13184,25687,12516,13171,-10,3,-13
4211070500,2023-03-31,강원도,춘천시,신사우동,24935,12466,12469,24974,12478,12496,39,12,27
4213025000,2023-03-31,강원도,원주시,문막읍,18012,9183,8829,17932,9136,8796,-80,-47,-33
4213031000,2023-03-31,강원도,원주시,소초면,8413,4501,3912,8384,4479,3905,-29,-22,-7
4213032000,2023-03-31,강원도,원주시,호저면,3591,1871,1720,3569,1857,1712,-22,-14,-8
4213033000,2023-03-31,강원도,원주시,지정면,29613,14617,14996,29678,14648,15030,65,31,34
4213035000,2023-03-31,강원도,원주시,부론면,2185,1122,1063,2179,1116,1063,-6,-6,0
4213036000,2023-03-31,강원도,원주시,귀래면,2175,1122,1053,2157,1113,1044,-18,-9,-9
4213037000,2023-03-31,강원도,원주시,흥업면,9423,5018,4405,9477,5039,4438,54,21,33
4213038000,2023-03-31,강원도,원주시,판부면,7282,3873,3409,7235,3858,3377,-47,-15,-32
4213039000,2023-03-31,강원도,원주시,신림면,3600,1855,1745,3587,1844,1743,-13,-11,-2
4213051500,2023-03-31,강원도,원주시,중앙동,2437,1279,1158,2420,1270,1150,-17,-9,-8
4213052000,2023-03-31,강원도,원주시,원인동,4185,1969,2216,4166,1961,2205,-19,-8,-11
4213053000,2023-03-31,강원도,원주시,개운동,12538,6005,6533,12481,5988,6493,-57,-17,-40
4213054100,2023-03-31,강원도,원주시,명륜1동,8102,3879,4223,8054,3852,4202,-48,-27,-21
4213054200,2023-03-31,강원도,원주시,명륜2동,18779,9052,9727,18792,9061,9731,13,9,4
4213055000,2023-03-31,강원도,원주시,단구동,43948,21565,22383,43719,21447,22272,-229,-118,-111
4213056000,2023-03-31,강원도,원주시,일산동,8495,4099,4396,8497,4094,4403,2,-5,7
4213057500,2023-03-31,강원도,원주시,학성동,4470,2207,2263,4443,2188,2255,-27,-19,-8
4213059000,2023-03-31,강원도,원주시,단계동,28668,13916,14752,28562,13865,14697,-106,-51,-55
4213060000,2023-03-31,강원도,원주시,우산동,13463,7097,6366,13480,7125,6355,17,28,-11
4213061000,2023-03-31,강원도,원주시,태장1동,10205,5099,5106,10147,5068,5079,-58,-31,-27
4213062000,2023-03-31,강원도,원주시,태장2동,24608,12306,12302,24530,12282,12248,-78,-24,-54
4213063500,2023-03-31,강원도,원주시,봉산동,7628,3771,3857,7596,3744,3852,-32,-27,-5
4213065000,2023-03-31,강원도,원주시,행구동,8884,4376,4508,8823,4342,4481,-61,-34,-27
4213066000,2023-03-31,강원도,원주시,무실동,35354,17298,18056,35271,17255,18016,-83,-43,-40
4213067500,2023-03-31,강원도,원주시,반곡관설동,44875,21848,23027,45573,22215,23358,698,367,331
4215025000,2023-03-31,강원도,강릉시,주문진읍,16334,7971,8363,16272,7953,8319,-62,-18,-44
4215031000,2023-03-31,강원도,강릉시,성산면,3496,1789,1707,3510,1798,1712,14,9,5
4215032000,2023-03-31,강원도,강릉시,왕산면,1562,847,715,1554,843,711,-8,-4,-4
4215033000,2023-03-31,강원도,강릉시,구정면,4248,2158,2090,4253,2157,2096,5,-1,6
4215034000,2023-03-31,강원도,강릉시,강동면,4024,2131,1893,4008,2120,1888,-16,-11,-5
4215035000,2023-03-31,강원도,강릉시,옥계면,3408,1742,1666,3386,1732,1654,-22,-10,-12
4215036000,2023-03-31,강원도,강릉시,사천면,4765,2428,2337,4789,2444,2345,24,16,8
4215037000,2023-03-31,강원도,강릉시,연곡면,6267,3144,3123,6248,3135,3113,-19,-9,-10
4215051000,2023-03-31,강원도,강릉시,홍제동,14962,7273,7689,14975,7279,7696,13,6,7
4215052000,2023-03-31,강원도,강릉시,중앙동,4608,2198,2410,4601,2197,2404,-7,-1,-6
4215054000,2023-03-31,강원도,강릉시,옥천동,3263,1673,1590,3248,1654,1594,-15,-19,4
4215055000,2023-03-31,강원도,강릉시,교1동,25556,12447,13109,25514,12425,13089,-42,-22,-20
4215056000,2023-03-31,강원도,강릉시,교2동,7540,3758,3782,7522,3751,3771,-18,-7,-11
4215057100,2023-03-31,강원도,강릉시,포남1동,10595,5149,5446,10719,5211,5508,124,62,62
4215057200,2023-03-31,강원도,강릉시,포남2동,12513,6134,6379,12473,6104,6369,-40,-30,-10
4215058000,2023-03-31,강원도,강릉시,초당동,4582,2233,2349,4542,2212,2330,-40,-21,-19
4215059000,2023-03-31,강원도,강릉시,송정동,9828,4703,5125,9799,4695,5104,-29,-8,-21
4215060000,2023-03-31,강원도,강릉시,내곡동,16540,8323,8217,16509,8305,8204,-31,-18,-13
4215061500,2023-03-31,강원도,강릉시,강남동,17338,8707,8631,17335,8707,8628,-3,0,-3
4215064500,2023-03-31,강원도,강릉시,성덕동,28148,13926,14222,28065,13880,14185,-83,-46,-37
4215066500,2023-03-31,강원도,강릉시,경포동,11363,5814,5549,11356,5817,5539,-7,3,-10
4217051000,2023-03-31,강원도,동해시,천곡동,30387,15082,15305,30388,15077,15311,1,-5,6
4217052000,2023-03-31,강원도,동해시,송정동,3560,1955,1605,3545,1951,1594,-15,-4,-11
4217053000,2023-03-31,강원도,동해시,북삼동,19782,10244,9538,19772,10251,9521,-10,7,-17
4217054000,2023-03-31,강원도,동해시,부곡동,4843,2368,2475,4840,2365,2475,-3,-3,0
4217055000,2023-03-31,강원도,동해시,동호동,4994,2518,2476,4977,2512,2465,-17,-6,-11
4217057000,2023-03-31,강원도,동해시,발한동,3212,1630,1582,3204,1626,1578,-8,-4,-4
4217059000,2023-03-31,강원도,동해시,묵호동,2879,1434,1445,2874,1430,1444,-5,-4,-1
4217060000,2023-03-31,강원도,동해시,북평동,13505,6952,6553,13523,6969,6554,18,17,1
4217063000,2023-03-31,강원도,동해시,망상동,3410,1735,1675,3396,1737,1659,-14,2,-16
4217065000,2023-03-31,강원도,동해시,삼화동,2662,1407,1255,2667,1405,1262,5,-2,7
4219051500,2023-03-31,강원도,태백시,황지동,5852,2855,2997,5839,2848,2991,-13,-7,-6
4219052500,2023-03-31,강원도,태백시,황연동,4096,2095,2001,4101,2094,2007,5,-1,6
4219053500,2023-03-31,강원도,태백시,삼수동,5355,2728,2627,5364,2736,2628,9,8,1
4219054000,2023-03-31,강원도,태백시,상장동,12702,6405,6297,12645,6372,6273,-57,-33,-24
4219058500,2023-03-31,강원도,태백시,문곡소도동,3628,1806,1822,3616,1793,1823,-12,-13,1
4219059500,2023-03-31,강원도,태백시,장성동,3212,1597,1615,3196,1586,1610,-16,-11,-5
4219060500,2023-03-31,강원도,태백시,구문소동,2343,1212,1131,2344,1218,1126,1,6,-5
4219061500,2023-03-31,강원도,태백시,철암동,1943,1027,916,1945,1031,914,2,4,-2
4221051000,2023-03-31,강원도,속초시,영랑동,4283,2256,2027,4277,2251,2026,-6,-5,-1
4221052000,2023-03-31,강원도,속초시,동명동,3463,1743,1720,3736,1875,1861,273,132,141
4221054000,2023-03-31,강원도,속초시,금호동,5906,2912,2994,5852,2874,2978,-54,-38,-16
4221056000,2023-03-31,강원도,속초시,교동,9415,4640,4775,9381,4628,4753,-34,-12,-22
4221057000,2023-03-31,강원도,속초시,노학동,21564,10779,10785,21416,10697,10719,-148,-82,-66
4221058000,2023-03-31,강원도,속초시,조양동,30062,14607,15455,29929,14534,15395,-133,-73,-60
4221059000,2023-03-31,강원도,속초시,청호동,4941,2468,2473,4911,2457,2454,-30,-11,-19
4221060000,2023-03-31,강원도,속초시,대포동,3051,1565,1486,3039,1569,1470,-12,4,-16
4223025000,2023-03-31,강원도,삼척시,도계읍,9186,4585,4601,9643,4855,4788,457,270,187
4223025300,2023-03-31,강원도,삼척시,원덕읍,3178,1682,1496,3186,1689,1497,8,7,1
4223025400,2023-03-31,강원도,삼척시,원덕읍임원출장소,1631,825,806,1614,815,799,-17,-10,-7
4223031000,2023-03-31,강원도,삼척시,근덕면,4929,2539,2390,4937,2534,2403,8,-5,13
4223032000,2023-03-31,강원도,삼척시,하장면,1260,688,572,1259,687,572,-1,-1,0
4223033000,2023-03-31,강원도,삼척시,노곡면,700,382,318,697,381,316,-3,-1,-2
4223034000,2023-03-31,강원도,삼척시,미로면,1791,930,861,1792,928,864,1,-2,3
4223035000,2023-03-31,강원도,삼척시,가곡면,662,341,321,668,343,325,6,2,4
4223036000,2023-03-31,강원도,삼척시,신기면,652,359,293,652,358,294,0,-1,1
4223051000,2023-03-31,강원도,삼척시,남양동,7082,3497,3585,7050,3479,3571,-32,-18,-14
4223053000,2023-03-31,강원도,삼척시,교동,15768,8031,7737,15822,8082,7740,54,51,3
4223054000,2023-03-31,강원도,삼척시,정라동,8499,4329,4170,8475,4307,4168,-24,-22,-2
4223057000,2023-03-31,강원도,삼척시,성내동,7690,3768,3922,7692,3762,3930,2,-6,8
4272025000,2023-03-31,강원도,홍천군,홍천읍,33999,17167,16832,33920,17147,16773,-79,-20,-59
4272031000,2023-03-31,강원도,홍천군,화촌면,4368,2331,2037,4349,2317,2032,-19,-14,-5
4272032000,2023-03-31,강원도,홍천군,두촌면,2405,1222,1183,2416,1226,1190,11,4,7
4272033000,2023-03-31,강원도,홍천군,내촌면,2424,1257,1167,2427,1255,1172,3,-2,5
4272034000,2023-03-31,강원도,홍천군,서석면,3668,1880,1788,3677,1883,1794,9,3,6
4272035200,2023-03-31,강원도,홍천군,영귀미면,4163,2133,2030,4158,2128,2030,-5,-5,0
4272036000,2023-03-31,강원도,홍천군,남면,5749,3068,2681,5784,3072,2712,35,4,31
4272037000,2023-03-31,강원도,홍천군,서면,3794,1984,1810,3805,1995,1810,11,11,0
4272038000,2023-03-31,강원도,홍천군,북방면,4155,2190,1965,4158,2190,1968,3,0,3
4272039000,2023-03-31,강원도,홍천군,내면,3090,1648,1442,3065,1632,1433,-25,-16,-9
4273025000,2023-03-31,강원도,횡성군,횡성읍,20973,10558,10415,20957,10548,10409,-16,-10,-6
4273031000,2023-03-31,강원도,횡성군,우천면,4397,2309,2088,4408,2309,2099,11,0,11
4273032000,2023-03-31,강원도,횡성군,안흥면,3039,1566,1473,3179,1636,1543,140,70,70
4273033000,2023-03-31,강원도,횡성군,둔내면,5918,3083,2835,5926,3088,2838,8,5,3
4273034000,2023-03-31,강원도,횡성군,갑천면,2460,1280,1180,2460,1278,1182,0,-2,2
4273035000,2023-03-31,강원도,횡성군,청일면,2399,1220,1179,2397,1218,1179,-2,-2,0
4273036000,2023-03-31,강원도,횡성군,공근면,3444,1806,1638,3454,1809,1645,10,3,7
4273037000,2023-03-31,강원도,횡성군,서원면,2059,1100,959,2072,1104,968,13,4,9
4273038000,2023-03-31,강원도,횡성군,강림면,1773,920,853,1768,914,854,-5,-6,1
4275025000,2023-03-31,강원도,영월군,영월읍,20566,10464,10102,20632,10536,10096,66,72,-6
4275025300,2023-03-31,강원도,영월군,상동읍,1000,524,476,997,521,476,-3,-3,0
4275031200,2023-03-31,강원도,영월군,산솔면,1396,749,647,1389,745,644,-7,-4,-3
4275032500,2023-03-31,강원도,영월군,김삿갓면,1718,914,804,1737,921,816,19,7,12
4275033000,2023-03-31,강원도,영월군,북면,2067,1086,981,2069,1088,981,2,2,0
4275034000,2023-03-31,강원도,영월군,남면,2176,1158,1018,2177,1159,1018,1,1,0
4275035500,2023-03-31,강원도,영월군,한반도면,1214,654,560,1220,657,563,6,3,3
4275035900,2023-03-31,강원도,영월군,한반도면쌍용출장소,1612,876,736,1609,876,733,-3,0,-3
4275036000,2023-03-31,강원도,영월군,주천면,3737,1904,1833,3740,1911,1829,3,7,-4
4275038000,2023-03-31,강원도,영월군,무릉도원면,2075,1076,999,2086,1082,1004,11,6,5
4276025000,2023-03-31,강원도,평창군,평창읍,8423,4336,4087,8404,4326,4078,-19,-10,-9
4276031000,2023-03-31,강원도,평창군,미탄면,1605,855,750,1599,857,742,-6,2,-8
4276032000,2023-03-31,강원도,평창군,방림면,834,427,407,835,428,407,1,1,0
4276032500,2023-03-31,강원도,평창군,방림면계촌출장소,1721,893,828,1725,896,829,4,3,1
4276033000,2023-03-31,강원도,평창군,대화면,5085,2616,2469,5082,2612,2470,-3,-4,1
4276034000,2023-03-31,강원도,평창군,봉평면,5745,3017,2728,5742,3015,2727,-3,-2,-1
4276035000,2023-03-31,강원도,평창군,용평면,3087,1579,1508,3067,1569,1498,-20,-10,-10
4276036000,2023-03-31,강원도,평창군,진부면,8456,4275,4181,8450,4262,4188,-6,-13,7
4276038000,2023-03-31,강원도,평창군,대관령면,5905,3131,2774,5883,3115,2768,-22,-16,-6
4277025000,2023-03-31,강원도,정선군,정선읍,10170,5204,4966,10104,5168,4936,-66,-36,-30
4277025300,2023-03-31,강원도,정선군,고한읍,4287,2256,2031,4308,2257,2051,21,1,20
4277025600,2023-03-31,강원도,정선군,사북읍,4542,2389,2153,4532,2384,2148,-10,-5,-5
4277025900,2023-03-31,강원도,정선군,신동읍,1757,927,830,1763,931,832,6,4,2
4277026000,2023-03-31,강원도,정선군,신동읍함백출장소,1578,796,782,1573,796,777,-5,0,-5
4277032000,2023-03-31,강원도,정선군,남면,3123,1659,1464,3110,1652,1458,-13,-7,-6
4277034000,2023-03-31,강원도,정선군,북평면,2438,1261,1177,2456,1264,1192,18,3,15
4277035000,2023-03-31,강원도,정선군,임계면,3400,1813,1587,3390,1812,1578,-10,-1,-9
4277036000,2023-03-31,강원도,정선군,화암면,1598,872,726,1589,867,722,-9,-5,-4
4277037000,2023-03-31,강원도,정선군,여량면,1932,1022,910,1934,1022,912,2,0,2
4278025000,2023-03-31,강원도,철원군,철원읍,5080,2596,2484,5066,2590,2476,-14,-6,-8
4278025300,2023-03-31,강원도,철원군,김화읍,3299,1769,1530,3302,1765,1537,3,-4,7
4278025600,2023-03-31,강원도,철원군,갈말읍,11718,6218,5500,11725,6218,5507,7,0,7
4278025900,2023-03-31,강원도,철원군,동송읍,14447,7296,7151,14410,7284,7126,-37,-12,-25
4278031000,2023-03-31,강원도,철원군,서면,1796,995,801,1778,979,799,-18,-16,-2
4278031500,2023-03-31,강원도,철원군,서면와수출장소,3518,1767,1751,3511,1762,1749,-7,-5,-2
4278032000,2023-03-31,강원도,철원군,근남면,2104,1117,987,2101,1113,988,-3,-4,1
4278033000,2023-03-31,강원도,철원군,근북면,102,48,54,101,48,53,-1,0,-1
4279025000,2023-03-31,강원도,화천군,화천읍,8113,4222,3891,8099,4208,3891,-14,-14,0
4279031000,2023-03-31,강원도,화천군,간동면,2613,1390,1223,2602,1383,1219,-11,-7,-4
4279032000,2023-03-31,강원도,화천군,하남면,2835,1495,1340,2845,1498,1347,10,3,7
4279033000,2023-03-31,강원도,화천군,상서면,3789,2254,1535,3744,2216,1528,-45,-38,-7
4279034000,2023-03-31,강원도,화천군,사내면,5880,3120,2760,5854,3111,2743,-26,-9,-17
4280025000,2023-03-31,강원도,양구군,양구읍,13566,6885,6681,13640,6931,6709,74,46,28
4280031500,2023-03-31,강원도,양구군,국토정중앙면,3309,1851,1458,3302,1848,1454,-7,-3,-4
4280032000,2023-03-31,강원도,양구군,동면,1983,1089,894,1985,1091,894,2,2,0
4280033000,2023-03-31,강원도,양구군,방산면,1219,687,532,1212,681,531,-7,-6,-1
4280034000,2023-03-31,강원도,양구군,해안면,1210,659,551,1212,662,550,2,3,-1
4281025000,2023-03-31,강원도,인제군,인제읍,10250,5395,4855,10215,5393,4822,-35,-2,-33
4281025100,2023-03-31,강원도,인제군,인제읍귀둔출장소,496,256,240,493,252,241,-3,-4,1
4281031000,2023-03-31,강원도,인제군,남면,3801,2088,1713,3815,2093,1722,14,5,9
4281032000,2023-03-31,강원도,인제군,북면,7925,4295,3630,7903,4281,3622,-22,-14,-8
4281033000,2023-03-31,강원도,인제군,기린면,4992,2735,2257,4991,2733,2258,-1,-2,1
4281034000,2023-03-31,강원도,인제군,서화면,2629,1563,1066,2628,1558,1070,-1,-5,4
4281035000,2023-03-31,강원도,인제군,상남면,2033,1169,864,2044,1177,867,11,8,3
4282025000,2023-03-31,강원도,고성군,간성읍,7070,3724,3346,7055,3719,3336,-15,-5,-10
4282025300,2023-03-31,강원도,고성군,거진읍,5849,2911,2938,5827,2900,2927,-22,-11,-11
4282031000,2023-03-31,강원도,고성군,현내면,2254,1100,1154,2244,1099,1145,-10,-1,-9
4282032000,2023-03-31,강원도,고성군,죽왕면,3421,1764,1657,3425,1763,1662,4,-1,5
4282033000,2023-03-31,강원도,고성군,토성면,8603,4516,4087,8604,4511,4093,1,-5,6
4283025000,2023-03-31,강원도,양양군,양양읍,12565,6366,6199,12592,6388,6204,27,22,5
4283031000,2023-03-31,강원도,양양군,서면,2744,1415,1329,2732,1408,1324,-12,-7,-5
4283032000,2023-03-31,강원도,양양군,손양면,2314,1166,1148,2312,1163,1149,-2,-3,1
4283033000,2023-03-31,강원도,양양군,현북면,2647,1374,1273,2633,1365,1268,-14,-9,-5
4283034000,2023-03-31,강원도,양양군,현남면,2986,1563,1423,2994,1573,1421,8,10,-2
4283035000,2023-03-31,강원도,양양군,강현면,4593,2362,2231,4597,2374,2223,4,12,-8
4311131000,2023-03-31,충청북도,청주시 상당구,낭성면,2142,1126,1016,2138,1124,1014,-4,-2,-2
4311132000,2023-03-31,충청북도,청주시 상당구,미원면,4727,2430,2297,4716,2423,2293,-11,-7,-4
4311133000,2023-03-31,충청북도,청주시 상당구,가덕면,3803,1950,1853,3796,1946,1850,-7,-4,-3
4311134000,2023-03-31,충청북도,청주시 상당구,남일면,6691,3427,3264,6655,3421,3234,-36,-6,-30
4311135000,2023-03-31,충청북도,청주시 상당구,문의면,3759,1962,1797,3751,1960,1791,-8,-2,-6
4311152500,2023-03-31,충청북도,청주시 상당구,중앙동,6746,3317,3429,6720,3304,3416,-26,-13,-13
4311154500,2023-03-31,충청북도,청주시 상당구,성안동,6525,3295,3230,6575,3315,3260,50,20,30
4311162000,2023-03-31,충청북도,청주시 상당구,탑대성동,10647,5181,5466,10933,5305,5628,286,124,162
4311167000,2023-03-31,충청북도,청주시 상당구,영운동,10387,5214,5173,10343,5195,5148,-44,-19,-25
4311168000,2023-03-31,충청북도,청주시 상당구,금천동,30227,14635,15592,30112,14603,15509,-115,-32,-83
4311169000,2023-03-31,충청북도,청주시 상당구,용담.명암.산성동,13050,6406,6644,13014,6382,6632,-36,-24,-12
4311172000,2023-03-31,충청북도,청주시 상당구,용암1동,57860,28977,28883,57725,28929,28796,-135,-48,-87
4311173000,2023-03-31,충청북도,청주시 상당구,용암2동,41133,20275,20858,41129,20269,20860,-4,-6,2
4311231000,2023-03-31,충청북도,청주시 서원구,남이면,9917,5197,4720,9942,5209,4733,25,12,13
4311232000,2023-03-31,충청북도,청주시 서원구,현도면,3137,1630,1507,3127,1630,1497,-10,0,-10
4311251000,2023-03-31,충청북도,청주시 서원구,사직1동,5379,2783,2596,5183,2676,2507,-196,-107,-89
4311252000,2023-03-31,충청북도,청주시 서원구,사직2동,12972,6367,6605,12881,6320,6561,-91,-47,-44
4311253000,2023-03-31,충청북도,청주시 서원구,사창동,14544,7393,7151,14512,7370,7142,-32,-23,-9
4311254000,2023-03-31,충청북도,청주시 서원구,모충동,17428,8773,8655,17436,8795,8641,8,22,-14
4311255000,2023-03-31,충청북도,청주시 서원구,산남동,25890,12965,12925,25767,12903,12864,-123,-62,-61
4311256000,2023-03-31,충청북도,청주시 서원구,분평동,29325,14215,15110,29215,14161,15054,-110,-54,-56
4311257000,2023-03-31,충청북도,청주시 서원구,수곡1동,13152,6678,6474,13120,6665,6455,-32,-13,-19
4311258000,2023-03-31,충청북도,청주시 서원구,수곡2동,15484,7632,7852,15409,7586,7823,-75,-46,-29
4311259000,2023-03-31,충청북도,청주시 서원구,성화.개신.죽림동,43166,21339,21827,42963,21237,21726,-203,-102,-101
4311325000,2023-03-31,충청북도,청주시 흥덕구,오송읍,24678,12310,12368,24718,12340,12378,40,30,10
4311331000,2023-03-31,충청북도,청주시 흥덕구,강내면,10608,5446,5162,10565,5417,5148,-43,-29,-14
4311332000,2023-03-31,충청북도,청주시 흥덕구,옥산면,17765,9085,8680,17731,9074,8657,-34,-11,-23
4311370000,2023-03-31,충청북도,청주시 흥덕구,운천.신봉동,16134,7966,8168,16073,7934,8139,-61,-32,-29
4311374100,2023-03-31,충청북도,청주시 흥덕구,복대1동,49955,25540,24415,49845,25495,24350,-110,-45,-65
4311374200,2023-03-31,충청북도,청주시 흥덕구,복대2동,15961,8288,7673,15863,8230,7633,-98,-58,-40
4311374700,2023-03-31,충청북도,청주시 흥덕구,가경동,55374,27017,28357,55137,26894,28243,-237,-123,-114
4311375100,2023-03-31,충청북도,청주시 흥덕구,봉명1동,9377,5016,4361,9328,4972,4356,-49,-44,-5
4311375600,2023-03-31,충청북도,청주시 흥덕구,봉명2.송정동,23422,12612,10810,23372,12599,10773,-50,-13,-37
4311376000,2023-03-31,충청북도,청주시 흥덕구,강서제1동,28556,14495,14061,30426,15425,15001,1870,930,940
4311377000,2023-03-31,충청북도,청주시 흥덕구,강서제2동,16284,8697,7587,16291,8699,7592,7,2,5
4311425000,2023-03-31,충청북도,청주시 청원구,내수읍,18840,9701,9139,18849,9723,9126,9,22,-13
4311425300,2023-03-31,충청북도,청주시 청원구,오창읍,69535,37223,32312,69398,37157,32241,-137,-66,-71
4311431000,2023-03-31,충청북도,청주시 청원구,북이면,4412,2368,2044,4397,2357,2040,-15,-11,-4
4311451000,2023-03-31,충청북도,청주시 청원구,우암동,12238,6186,6052,12288,6205,6083,50,19,31
4311452000,2023-03-31,충청북도,청주시 청원구,내덕1동,8278,4171,4107,8264,4172,4092,-14,1,-15
4311453000,2023-03-31,충청북도,청주시 청원구,내덕2동,13252,6835,6417,13266,6844,6422,14,9,5
4311454000,2023-03-31,충청북도,청주시 청원구,율량.사천동,48743,24303,24440,48522,24203,24319,-221,-100,-121
4311455000,2023-03-31,충청북도,청주시 청원구,오근장동,18118,8952,9166,18044,8895,9149,-74,-57,-17
4313025000,2023-03-31,충청북도,충주시,주덕읍,4770,2466,2304,4792,2477,2315,22,11,11
4313031000,2023-03-31,충청북도,충주시,살미면,2017,1020,997,2019,1020,999,2,0,2
4313032500,2023-03-31,충청북도,충주시,수안보면,2849,1433,1416,2850,1431,1419,1,-2,3
4313033500,2023-03-31,충청북도,충주시,대소원면,9150,5181,3969,9178,5204,3974,28,23,5
4313035000,2023-03-31,충청북도,충주시,신니면,2813,1446,1367,2803,1438,1365,-10,-8,-2
4313036000,2023-03-31,충청북도,충주시,노은면,2232,1141,1091,2234,1147,1087,2,6,-4
4313037000,2023-03-31,충청북도,충주시,앙성면,3938,2019,1919,3936,2019,1917,-2,0,-2
4313038500,2023-03-31,충청북도,충주시,중앙탑면,13656,7052,6604,13726,7083,6643,70,31,39
4313039000,2023-03-31,충청북도,충주시,금가면,3860,2071,1789,3863,2078,1785,3,7,-4
4313040000,2023-03-31,충청북도,충주시,동량면,3556,1801,1755,3551,1801,1750,-5,0,-5
4313041000,2023-03-31,충청북도,충주시,산척면,2215,1140,1075,2203,1133,1070,-12,-7,-5
4313042000,2023-03-31,충청북도,충주시,엄정면,3051,1547,1504,3052,1551,1501,1,4,-3
4313043000,2023-03-31,충청북도,충주시,소태면,1911,985,926,1897,982,915,-14,-3,-11
4313051500,2023-03-31,충청북도,충주시,성내.충인동,2550,1252,1298,2559,1262,1297,9,10,-1
4313053500,2023-03-31,충청북도,충주시,교현.안림동,22962,11409,11553,22861,11347,11514,-101,-62,-39
4313054000,2023-03-31,충청북도,충주시,교현2동,6582,3333,3249,6561,3323,3238,-21,-10,-11
4313055000,2023-03-31,충청북도,충주시,용산동,14550,7163,7387,14497,7139,7358,-53,-24,-29
4313056000,2023-03-31,충청북도,충주시,지현동,5137,2553,2584,5138,2551,2587,1,-2,3
4313057100,2023-03-31,충청북도,충주시,문화동,9134,4590,4544,9101,4579,4522,-33,-11,-22
4313058000,2023-03-31,충청북도,충주시,호암.직동,21765,10841,10924,21927,10920,11007,162,79,83
4313060500,2023-03-31,충청북도,충주시,달천동,3754,2046,1708,3784,2060,1724,30,14,16
4313061000,2023-03-31,충청북도,충주시,봉방동,8865,4618,4247,8857,4626,4231,-8,8,-16
4313062500,2023-03-31,충청북도,충주시,칠금.금릉동,14126,6951,7175,14107,6929,7178,-19,-22,3
4313063000,2023-03-31,충청북도,충주시,연수동,36050,17981,18069,35977,17946,18031,-73,-35,-38
4313064000,2023-03-31,충청북도,충주시,목행.용탄동,6553,3419,3134,6528,3405,3123,-25,-14,-11
4315025000,2023-03-31,충청북도,제천시,봉양읍,6713,3427,3286,6739,3437,3302,26,10,16
4315031000,2023-03-31,충청북도,제천시,금성면,1829,972,857,1829,974,855,0,2,-2
4315032000,2023-03-31,충청북도,제천시,청풍면,1255,648,607,1261,649,612,6,1,5
4315033000,2023-03-31,충청북도,제천시,수산면,1994,1046,948,2005,1054,951,11,8,3
4315034000,2023-03-31,충청북도,제천시,덕산면,2156,1100,1056,2151,1099,1052,-5,-1,-4
4315035000,2023-03-31,충청북도,제천시,한수면,675,343,332,680,347,333,5,4,1
4315036000,2023-03-31,충청북도,제천시,백운면,3294,1708,1586,3296,1710,1586,2,2,0
4315038000,2023-03-31,충청북도,제천시,송학면,4688,2476,2212,4741,2519,2222,53,43,10
4315051000,2023-03-31,충청북도,제천시,교동,18229,8957,9272,18188,8951,9237,-41,-6,-35
4315051800,2023-03-31,충청북도,제천시,의림지동,9966,4937,5029,10131,5036,5095,165,99,66
4315052800,2023-03-31,충청북도,제천시,중앙동,5598,2767,2831,5590,2752,2838,-8,-15,7
4315053700,2023-03-31,충청북도,제천시,남현동,4786,2380,2406,4784,2381,2403,-2,1,-3
4315054700,2023-03-31,충청북도,제천시,영서동,9956,4974,4982,9934,4964,4970,-22,-10,-12
4315056000,2023-03-31,충청북도,제천시,용두동,18214,9074,9140,19164,9589,9575,950,515,435
4315057700,2023-03-31,충청북도,제천시,신백동,10785,5408,5377,10767,5399,5368,-18,-9,-9
4315059000,2023-03-31,충청북도,제천시,청전동,15358,7752,7606,15306,7710,7596,-52,-42,-10
4315060500,2023-03-31,충청북도,제천시,화산동,14992,7604,7388,14985,7598,7387,-7,-6,-1
4372025000,2023-03-31,충청북도,보은군,보은읍,14538,7237,7301,14505,7221,7284,-33,-16,-17
4372031500,2023-03-31,충청북도,보은군,속리산면,1794,914,880,1789,913,876,-5,-1,-4
4372032500,2023-03-31,충청북도,보은군,장안면,1432,752,680,1438,755,683,6,3,3
4372033000,2023-03-31,충청북도,보은군,마로면,2118,1033,1085,2122,1036,1086,4,3,1
4372034000,2023-03-31,충청북도,보은군,탄부면,1598,784,814,1601,786,815,3,2,1
4372035000,2023-03-31,충청북도,보은군,삼승면,2270,1158,1112,2278,1159,1119,8,1,7
4372036000,2023-03-31,충청북도,보은군,수한면,1856,947,909,1849,940,909,-7,-7,0
4372037000,2023-03-31,충청북도,보은군,회남면,727,407,320,728,409,319,1,2,-1
4372038500,2023-03-31,충청북도,보은군,회인면,1722,866,856,1722,867,855,0,1,-1
4372039000,2023-03-31,충청북도,보은군,내북면,1641,840,801,1639,838,801,-2,-2,0
4372040000,2023-03-31,충청북도,보은군,산외면,1748,942,806,1743,938,805,-5,-4,-1
4373025000,2023-03-31,충청북도,옥천군,옥천읍,28505,14258,14247,28498,14252,14246,-7,-6,-1
4373031000,2023-03-31,충청북도,옥천군,동이면,3190,1651,1539,3181,1646,1535,-9,-5,-4
4373032000,2023-03-31,충청북도,옥천군,안남면,1397,711,686,1396,717,679,-1,6,-7
4373033000,2023-03-31,충청북도,옥천군,안내면,1910,971,939,1925,986,939,15,15,0
4373034000,2023-03-31,충청북도,옥천군,청성면,2304,1151,1153,2296,1151,1145,-8,0,-8
4373035000,2023-03-31,충청북도,옥천군,청산면,2898,1423,1475,2887,1416,1471,-11,-7,-4
4373036000,2023-03-31,충청북도,옥천군,이원면,4019,2057,1962,4019,2064,1955,0,7,-7
4373037000,2023-03-31,충청북도,옥천군,군서면,2152,1129,1023,2160,1135,1025,8,6,2
4373038000,2023-03-31,충청북도,옥천군,군북면,2935,1530,1405,2949,1537,1412,14,7,7
4374025000,2023-03-31,충청북도,영동군,영동읍,19675,9775,9900,19650,9749,9901,-25,-26,1
4374031000,2023-03-31,충청북도,영동군,용산면,3292,1697,1595,3291,1697,1594,-1,0,-1
4374032000,2023-03-31,충청북도,영동군,황간면,4036,2039,1997,4023,2030,1993,-13,-9,-4
4374033500,2023-03-31,충청북도,영동군,추풍령면,2206,1096,1110,2203,1098,1105,-3,2,-5
4374034000,2023-03-31,충청북도,영동군,매곡면,1853,942,911,1861,946,915,8,4,4
4374035000,2023-03-31,충청북도,영동군,상촌면,2212,1086,1126,2202,1081,1121,-10,-5,-5
4374036000,2023-03-31,충청북도,영동군,양강면,3038,1534,1504,3036,1532,1504,-2,-2,0
4374037000,2023-03-31,충청북도,영동군,용화면,961,493,468,964,495,469,3,2,1
4374038000,2023-03-31,충청북도,영동군,학산면,2664,1347,1317,2685,1362,1323,21,15,6
4374039000,2023-03-31,충청북도,영동군,양산면,1783,878,905,1769,866,903,-14,-12,-2
4374040000,2023-03-31,충청북도,영동군,심천면,3030,1518,1512,3046,1529,1517,16,11,5
4374525000,2023-03-31,충청북도,증평군,증평읍,35539,18481,17058,35539,18497,17042,0,16,-16
4374531000,2023-03-31,충청북도,증평군,도안면,1776,944,832,1782,948,834,6,4,2
4375025000,2023-03-31,충청북도,진천군,진천읍,29841,15453,14388,29840,15470,14370,-1,17,-18
4375025300,2023-03-31,충청북도,진천군,덕산읍,30046,15945,14101,30024,15942,14082,-22,-3,-19
4375032000,2023-03-31,충청북도,진천군,초평면,3048,1594,1454,3054,1598,1456,6,4,2
4375033000,2023-03-31,충청북도,진천군,문백면,3413,1797,1616,3401,1784,1617,-12,-13,1
4375034000,2023-03-31,충청북도,진천군,백곡면,2056,1058,998,2056,1052,1004,0,-6,6
4375035000,2023-03-31,충청북도,진천군,이월면,6291,3353,2938,6262,3352,2910,-29,-1,-28
4375037000,2023-03-31,충청북도,진천군,광혜원면,11211,6169,5042,11205,6165,5040,-6,-4,-2
4376025000,2023-03-31,충청북도,괴산군,괴산읍,9417,4817,4600,9381,4793,4588,-36,-24,-12
4376031000,2023-03-31,충청북도,괴산군,감물면,2077,1085,992,2081,1086,995,4,1,3
4376032000,2023-03-31,충청북도,괴산군,장연면,1892,961,931,1897,968,929,5,7,-2
4376033000,2023-03-31,충청북도,괴산군,연풍면,2276,1198,1078,2255,1185,1070,-21,-13,-8
4376034000,2023-03-31,충청북도,괴산군,칠성면,3078,1568,1510,3068,1564,1504,-10,-4,-6
4376035000,2023-03-31,충청북도,괴산군,문광면,2184,1125,1059,2187,1123,1064,3,-2,5
4376036000,2023-03-31,충청북도,괴산군,청천면,5177,2682,2495,5162,2677,2485,-15,-5,-10
4376037000,2023-03-31,충청북도,괴산군,청안면,3416,1762,1654,3412,1760,1652,-4,-2,-2
4376039000,2023-03-31,충청북도,괴산군,사리면,2631,1354,1277,2624,1355,1269,-7,1,-8
4376040000,2023-03-31,충청북도,괴산군,소수면,2089,1082,1007,2089,1079,1010,0,-3,3
4376041000,2023-03-31,충청북도,괴산군,불정면,2674,1400,1274,2679,1401,1278,5,1,4
4377025000,2023-03-31,충청북도,음성군,음성읍,16799,8618,8181,16770,8602,8168,-29,-16,-13
4377025300,2023-03-31,충청북도,음성군,금왕읍,19453,10463,8990,19455,10460,8995,2,-3,5
4377031000,2023-03-31,충청북도,음성군,소이면,2853,1477,1376,2861,1482,1379,8,5,3
4377032000,2023-03-31,충청북도,음성군,원남면,2998,1563,1435,2985,1559,1426,-13,-4,-9
4377033000,2023-03-31,충청북도,음성군,맹동면,13194,6906,6288,13192,6914,6278,-2,8,-10
4377034000,2023-03-31,충청북도,음성군,대소면,15564,8561,7003,15537,8559,6978,-27,-2,-25
4377035000,2023-03-31,충청북도,음성군,삼성면,6620,3688,2932,6601,3683,2918,-19,-5,-14
4377036000,2023-03-31,충청북도,음성군,생극면,4517,2433,2084,4491,2427,2064,-26,-6,-20
4377037000,2023-03-31,충청북도,음성군,감곡면,9907,5072,4835,9933,5095,4838,26,23,3
4380025000,2023-03-31,충청북도,단양군,단양읍,10085,5078,5007,10061,5074,4987,-24,-4,-20
4380025300,2023-03-31,충청북도,단양군,매포읍,5089,2647,2442,5081,2637,2444,-8,-10,2
4380031000,2023-03-31,충청북도,단양군,대강면,2396,1204,1192,2391,1195,1196,-5,-9,4
4380032000,2023-03-31,충청북도,단양군,가곡면,2045,1088,957,2046,1091,955,1,3,-2
4380033000,2023-03-31,충청북도,단양군,영춘면,3124,1494,1630,3125,1491,1634,1,-3,4
4380034000,2023-03-31,충청북도,단양군,어상천면,1854,1014,840,1857,1020,837,3,6,-3
4380035000,2023-03-31,충청북도,단양군,적성면,1521,791,730,1512,783,729,-9,-8,-1
4380036000,2023-03-31,충청북도,단양군,단성면,1624,805,819,1614,806,808,-10,1,-11
4413125000,2023-03-31,충청남도,천안시 동남구,목천읍,23817,12187,11630,23733,12168,11565,-84,-19,-65
4413131000,2023-03-31,충청남도,천안시 동남구,풍세면,3998,2189,1809,4006,2193,1813,8,4,4
4413132000,2023-03-31,충청남도,천안시 동남구,광덕면,4194,2140,2054,4202,2149,2053,8,9,-1
4413133000,2023-03-31,충청남도,천안시 동남구,북면,4330,2278,2052,4310,2265,2045,-20,-13,-7
4413134000,2023-03-31,충청남도,천안시 동남구,성남면,3032,1571,1461,3026,1573,1453,-6,2,-8
4413135000,2023-03-31,충청남도,천안시 동남구,수신면,2223,1221,1002,2214,1222,992,-9,1,-10
4413136000,2023-03-31,충청남도,천안시 동남구,병천면,6307,3437,2870,6281,3409,2872,-26,-28,2
4413137000,2023-03-31,충청남도,천안시 동남구,동면,2010,1087,923,2009,1084,925,-1,-3,2
4413151000,2023-03-31,충청남도,천안시 동남구,중앙동,5263,2756,2507,5239,2744,2495,-24,-12,-12
4413152000,2023-03-31,충청남도,천안시 동남구,문성동,7697,3912,3785,7681,3897,3784,-16,-15,-1
4413153000,2023-03-31,충청남도,천안시 동남구,원성1동,8372,4362,4010,8354,4357,3997,-18,-5,-13
4413154000,2023-03-31,충청남도,천안시 동남구,원성2동,9011,4618,4393,9002,4613,4389,-9,-5,-4
4413155000,2023-03-31,충청남도,천안시 동남구,봉명동,17662,9067,8595,17578,9022,8556,-84,-45,-39
4413156000,2023-03-31,충청남도,천안시 동남구,일봉동,22460,11160,11300,22389,11118,11271,-71,-42,-29
4413157000,2023-03-31,충청남도,천안시 동남구,신방동,43409,22262,21147,43321,22234,21087,-88,-28,-60
4413158000,2023-03-31,충청남도,천안시 동남구,청룡동,56206,28025,28181,57251,28541,28710,1045,516,529
4413159000,2023-03-31,충청남도,천안시 동남구,신안동,36738,17870,18868,36812,17862,18950,74,-8,82
4413325000,2023-03-31,충청남도,천안시 서북구,성환읍,23355,12220,11135,23320,12194,11126,-35,-26,-9
4413325300,2023-03-31,충청남도,천안시 서북구,성거읍,20800,10968,9832,20722,10952,9770,-78,-16,-62
4413325600,2023-03-31,충청남도,천안시 서북구,직산읍,19915,10891,9024,19879,10863,9016,-36,-28,-8
4413331000,2023-03-31,충청남도,천안시 서북구,입장면,8295,4505,3790,8278,4492,3786,-17,-13,-4
4413351000,2023-03-31,충청남도,천안시 서북구,성정1동,17657,9283,8374,17645,9287,8358,-12,4,-16
4413352000,2023-03-31,충청남도,천안시 서북구,성정2동,25906,14171,11735,25886,14187,11699,-20,16,-36
4413353000,2023-03-31,충청남도,천안시 서북구,쌍용1동,13391,6606,6785,13402,6608,6794,11,2,9
4413354000,2023-03-31,충청남도,천안시 서북구,쌍용2동,36363,17924,18439,36233,17833,18400,-130,-91,-39
4413355000,2023-03-31,충청남도,천안시 서북구,쌍용3동,18130,8743,9387,18089,8739,9350,-41,-4,-37
4413356000,2023-03-31,충청남도,천안시 서북구,백석동,39755,20027,19728,39735,20004,19731,-20,-23,3
4413356600,2023-03-31,충청남도,천안시 서북구,불당1동,32507,16250,16257,32403,16195,16208,-104,-55,-49
4413356700,2023-03-31,충청남도,천안시 서북구,불당2동,36861,18410,18451,37004,18514,18490,143,104,39
4413358000,2023-03-31,충청남도,천안시 서북구,부성1동,50101,25864,24237,50178,25881,24297,77,17,60
4413359000,2023-03-31,충청남도,천안시 서북구,부성2동,57652,30614,27038,57634,30625,27009,-18,11,-29
4415025000,2023-03-31,충청남도,공주시,유구읍,7092,3558,3534,7092,3559,3533,0,1,-1
4415031000,2023-03-31,충청남도,공주시,이인면,3094,1584,1510,3094,1594,1500,0,10,-10
4415032000,2023-03-31,충청남도,공주시,탄천면,2844,1468,1376,2827,1458,1369,-17,-10,-7
4415033000,2023-03-31,충청남도,공주시,계룡면,5271,2704,2567,5271,2706,2565,0,2,-2
4415034000,2023-03-31,충청남도,공주시,반포면,4170,2186,1984,4180,2188,1992,10,2,8
4415036000,2023-03-31,충청남도,공주시,의당면,4428,2321,2107,4428,2339,2089,0,18,-18
4415037000,2023-03-31,충청남도,공주시,정안면,4700,2525,2175,4707,2533,2174,7,8,-1
4415038000,2023-03-31,충청남도,공주시,우성면,5059,2645,2414,5051,2643,2408,-8,-2,-6
4415039000,2023-03-31,충청남도,공주시,사곡면,2793,1403,1390,2804,1411,1393,11,8,3
4415040000,2023-03-31,충청남도,공주시,신풍면,3102,1381,1721,3109,1395,1714,7,14,-7
4415051000,2023-03-31,충청남도,공주시,중학동,4415,2235,2180,4447,2264,2183,32,29,3
4415054000,2023-03-31,충청남도,공주시,웅진동,7890,3875,4015,7847,3848,3999,-43,-27,-16
4415055000,2023-03-31,충청남도,공주시,금학동,5242,2589,2653,5286,2583,2703,44,-6,50
4415056000,2023-03-31,충청남도,공주시,옥룡동,7516,3757,3759,7474,3731,3743,-42,-26,-16
4415057000,2023-03-31,충청남도,공주시,신관동,19365,9340,10025,19407,9326,10081,42,-14,56
4415059000,2023-03-31,충청남도,공주시,월송동,15499,7644,7855,15673,7715,7958,174,71,103
4418025000,2023-03-31,충청남도,보령시,웅천읍,5912,2974,2938,5895,2973,2922,-17,-1,-16
4418031000,2023-03-31,충청남도,보령시,주포면,1578,823,755,1578,830,748,0,7,-7
4418032000,2023-03-31,충청남도,보령시,오천면,2083,1116,967,2082,1114,968,-1,-2,1
4418032500,2023-03-31,충청남도,보령시,오천면어항출장소,1562,842,720,1565,844,721,3,2,1
4418032900,2023-03-31,충청남도,보령시,원산출장소,1062,580,482,1057,579,478,-5,-1,-4
4418033000,2023-03-31,충청남도,보령시,천북면,3330,1738,1592,3343,1744,1599,13,6,7
4418034000,2023-03-31,충청남도,보령시,청소면,2491,1254,1237,2502,1262,1240,11,8,3
4418035000,2023-03-31,충청남도,보령시,청라면,3679,1851,1828,3650,1838,1812,-29,-13,-16
4418036000,2023-03-31,충청남도,보령시,남포면,4932,2483,2449,4909,2470,2439,-23,-13,-10
4418038000,2023-03-31,충청남도,보령시,주산면,2347,1176,1171,2345,1177,1168,-2,1,-3
4418039000,2023-03-31,충청남도,보령시,미산면,1676,866,810,1679,869,810,3,3,0
4418040000,2023-03-31,충청남도,보령시,성주면,2041,1018,1023,2029,1015,1014,-12,-3,-9
4418041000,2023-03-31,충청남도,보령시,주교면,5038,2630,2408,5052,2635,2417,14,5,9
4418051500,2023-03-31,충청남도,보령시,대천1동,13393,6731,6662,13323,6692,6631,-70,-39,-31
4418052500,2023-03-31,충청남도,보령시,대천2동,6362,3206,3156,6377,3215,3162,15,9,6
4418053500,2023-03-31,충청남도,보령시,대천3동,15725,7925,7800,15721,7909,7812,-4,-16,12
4418054500,2023-03-31,충청남도,보령시,대천4동,17571,8746,8825,17629,8782,8847,58,36,22
4418056500,2023-03-31,충청남도,보령시,대천5동,6037,3102,2935,6020,3088,2932,-17,-14,-3
4420025000,2023-03-31,충청남도,아산시,염치읍,6175,3247,2928,6185,3248,2937,10,1,9
4420025300,2023-03-31,충청남도,아산시,배방읍,85598,44117,41481,85565,44080,41485,-33,-37,4
4420031000,2023-03-31,충청남도,아산시,송악면,4161,2145,2016,4142,2132,2010,-19,-13,-6
4420033000,2023-03-31,충청남도,아산시,탕정면,36282,19304,16978,36586,19467,17119,304,163,141
4420035000,2023-03-31,충청남도,아산시,음봉면,20182,10997,9185,20160,10992,9168,-22,-5,-17
4420036000,2023-03-31,충청남도,아산시,둔포면,22889,12988,9901,22878,12989,9889,-11,1,-12
4420037000,2023-03-31,충청남도,아산시,영인면,5376,2845,2531,5401,2863,2538,25,18,7
4420038000,2023-03-31,충청남도,아산시,인주면,5983,3377,2606,5966,3369,2597,-17,-8,-9
4420039000,2023-03-31,충청남도,아산시,선장면,2957,1530,1427,2958,1539,1419,1,9,-8
4420040000,2023-03-31,충청남도,아산시,도고면,4383,2259,2124,4376,2257,2119,-7,-2,-5
4420041000,2023-03-31,충청남도,아산시,신창면,18781,9862,8919,18713,9832,8881,-68,-30,-38
4420057000,2023-03-31,충청남도,아산시,온양1동,9121,4791,4330,9114,4784,4330,-7,-7,0
4420058000,2023-03-31,충청남도,아산시,온양2동,10569,5579,4990,10527,5556,4971,-42,-23,-19
4420059000,2023-03-31,충청남도,아산시,온양3동,37756,18912,18844,37686,18876,18810,-70,-36,-34
4420060000,2023-03-31,충청남도,아산시,온양4동,17742,9002,8740,17674,8961,8713,-68,-41,-27
4420061000,2023-03-31,충청남도,아산시,온양5동,20975,10762,10213,20966,10764,10202,-9,2,-11
4420062000,2023-03-31,충청남도,아산시,온양6동,27818,13788,14030,27793,13775,14018,-25,-13,-12
4421025000,2023-03-31,충청남도,서산시,대산읍,13213,7733,5480,13176,7709,5467,-37,-24,-13
4421031000,2023-03-31,충청남도,서산시,인지면,7141,3631,3510,7138,3629,3509,-3,-2,-1
4421032000,2023-03-31,충청남도,서산시,부석면,5200,2666,2534,5198,2659,2539,-2,-7,5
4421033000,2023-03-31,충청남도,서산시,팔봉면,3282,1683,1599,3270,1678,1592,-12,-5,-7
4421034000,2023-03-31,충청남도,서산시,지곡면,8103,4362,3741,8094,4359,3735,-9,-3,-6
4421036000,2023-03-31,충청남도,서산시,성연면,16078,8424,7654,16086,8430,7656,8,6,2
4421037000,2023-03-31,충청남도,서산시,음암면,9232,4768,4464,9229,4766,4463,-3,-2,-1
4421038000,2023-03-31,충청남도,서산시,운산면,4929,2518,2411,4946,2527,2419,17,9,8
4421039000,2023-03-31,충청남도,서산시,해미면,7126,3704,3422,7118,3703,3415,-8,-1,-7
4421040000,2023-03-31,충청남도,서산시,고북면,5982,3135,2847,5970,3119,2851,-12,-16,4
4421051000,2023-03-31,충청남도,서산시,부춘동,18581,9720,8861,18523,9682,8841,-58,-38,-20
4421052500,2023-03-31,충청남도,서산시,동문1동,18073,9404,8669,17994,9361,8633,-79,-43,-36
4421053500,2023-03-31,충청남도,서산시,동문2동,8486,4303,4183,8449,4281,4168,-37,-22,-15
4421054000,2023-03-31,충청남도,서산시,수석동,16087,8183,7904,16047,8178,7869,-40,-5,-35
4421055000,2023-03-31,충청남도,서산시,석남동,34676,17745,16931,34912,17887,17025,236,142,94
4423025000,2023-03-31,충청남도,논산시,강경읍,7628,3723,3905,7615,3716,3899,-13,-7,-6
4423025300,2023-03-31,충청남도,논산시,연무읍,12993,6536,6457,12947,6507,6440,-46,-29,-17
4423031000,2023-03-31,충청남도,논산시,성동면,3903,1960,1943,3892,1958,1934,-11,-2,-9
4423032000,2023-03-31,충청남도,논산시,광석면,4045,2049,1996,4032,2041,1991,-13,-8,-5
4423033000,2023-03-31,충청남도,논산시,노성면,2824,1424,1400,2806,1410,1396,-18,-14,-4
4423034000,2023-03-31,충청남도,논산시,상월면,3407,1712,1695,3413,1714,1699,6,2,4
4423035000,2023-03-31,충청남도,논산시,부적면,3425,1742,1683,3423,1746,1677,-2,4,-6
4423036000,2023-03-31,충청남도,논산시,연산면,5912,3038,2874,5911,3050,2861,-1,12,-13
4423038000,2023-03-31,충청남도,논산시,벌곡면,2428,1246,1182,2420,1245,1175,-8,-1,-7
4423039000,2023-03-31,충청남도,논산시,양촌면,5966,3022,2944,5942,3014,2928,-24,-8,-16
4423040000,2023-03-31,충청남도,논산시,가야곡면,3257,1659,1598,3253,1659,1594,-4,0,-4
4423041000,2023-03-31,충청남도,논산시,은진면,3850,2055,1795,3878,2065,1813,28,10,18
4423042000,2023-03-31,충청남도,논산시,채운면,2118,1028,1090,2111,1022,1089,-7,-6,-1
4423051000,2023-03-31,충청남도,논산시,취암동,34933,17417,17516,34878,17395,17483,-55,-22,-33
4423052000,2023-03-31,충청남도,논산시,부창동,15472,7428,8044,15393,7380,8013,-79,-48,-31
4425031000,2023-03-31,충청남도,계룡시,두마면,10202,5029,5173,10961,5378,5583,759,349,410
4425031500,2023-03-31,충청남도,계룡시,엄사면,17799,8694,9105,17593,8597,8996,-206,-97,-109
4425033000,2023-03-31,충청남도,계룡시,신도안면,8153,4227,3926,8034,4163,3871,-119,-64,-55
4425051000,2023-03-31,충청남도,계룡시,금암동,8369,4232,4137,8330,4209,4121,-39,-23,-16
4427025000,2023-03-31,충청남도,당진시,합덕읍,8391,4425,3966,8362,4415,3947,-29,-10,-19
4427025300,2023-03-31,충청남도,당진시,송악읍,30377,16907,13470,30296,16879,13417,-81,-28,-53
4427031000,2023-03-31,충청남도,당진시,고대면,5286,2737,2549,5268,2727,2541,-18,-10,-8
4427032000,2023-03-31,충청남도,당진시,석문면,9042,5328,3714,9019,5303,3716,-23,-25,2
4427033000,2023-03-31,충청남도,당진시,대호지면,2318,1180,1138,2318,1180,1138,0,0,0
4427034000,2023-03-31,충청남도,당진시,정미면,3557,1825,1732,3550,1824,1726,-7,-1,-6
4427035000,2023-03-31,충청남도,당진시,면천면,3468,1778,1690,3470,1773,1697,2,-5,7
4427036000,2023-03-31,충청남도,당진시,순성면,4907,2487,2420,4898,2491,2407,-9,4,-13
4427037000,2023-03-31,충청남도,당진시,우강면,5501,2755,2746,5477,2744,2733,-24,-11,-13
4427038000,2023-03-31,충청남도,당진시,신평면,15078,7723,7355,15030,7695,7335,-48,-28,-20
4427039000,2023-03-31,충청남도,당진시,송산면,11879,6862,5017,11851,6871,4980,-28,9,-37
4427051000,2023-03-31,충청남도,당진시,당진1동,28533,15175,13358,29270,15560,13710,737,385,352
4427052000,2023-03-31,충청남도,당진시,당진2동,22820,11673,11147,22694,11621,11073,-126,-52,-74
4427053000,2023-03-31,충청남도,당진시,당진3동,17315,8895,8420,17170,8822,8348,-145,-73,-72
4471025000,2023-03-31,충청남도,금산군,금산읍,22597,11094,11503,22640,11095,11545,43,1,42
4471031000,2023-03-31,충청남도,금산군,금성면,3183,1634,1549,3165,1630,1535,-18,-4,-14
4471032000,2023-03-31,충청남도,금산군,제원면,2760,1449,1311,2772,1457,1315,12,8,4
4471033000,2023-03-31,충청남도,금산군,부리면,2434,1225,1209,2439,1224,1215,5,-1,6
4471034000,2023-03-31,충청남도,금산군,군북면,2424,1238,1186,2422,1238,1184,-2,0,-2
4471035000,2023-03-31,충청남도,금산군,남일면,2774,1409,1365,2830,1440,1390,56,31,25
4471036000,2023-03-31,충청남도,금산군,남이면,2025,1029,996,2033,1035,998,8,6,2
4471037000,2023-03-31,충청남도,금산군,진산면,3169,1601,1568,3169,1607,1562,0,6,-6
4471038000,2023-03-31,충청남도,금산군,복수면,2937,1545,1392,2939,1540,1399,2,-5,7
4471039000,2023-03-31,충청남도,금산군,추부면,5903,3136,2767,5909,3128,2781,6,-8,14
4476025000,2023-03-31,충청남도,부여군,부여읍,18860,9330,9530,18854,9336,9518,-6,6,-12
4476031000,2023-03-31,충청남도,부여군,규암면,11757,5795,5962,11751,5783,5968,-6,-12,6
4476032000,2023-03-31,충청남도,부여군,은산면,3608,1831,1777,3596,1827,1769,-12,-4,-8
4476033000,2023-03-31,충청남도,부여군,외산면,2250,1117,1133,2258,1117,1141,8,0,8
4476034000,2023-03-31,충청남도,부여군,내산면,1499,752,747,1499,755,744,0,3,-3
4476035000,2023-03-31,충청남도,부여군,구룡면,2267,1119,1148,2257,1114,1143,-10,-5,-5
4476036000,2023-03-31,충청남도,부여군,홍산면,2745,1332,1413,2742,1331,1411,-3,-1,-2
4476037000,2023-03-31,충청남도,부여군,옥산면,1385,675,710,1381,673,708,-4,-2,-2
4476038000,2023-03-31,충청남도,부여군,남면,1756,853,903,1754,854,900,-2,1,-3
4476039000,2023-03-31,충청남도,부여군,충화면,1097,564,533,1095,565,530,-2,1,-3
4476040000,2023-03-31,충청남도,부여군,양화면,1628,769,859,1622,764,858,-6,-5,-1
4476041000,2023-03-31,충청남도,부여군,임천면,2743,1365,1378,2738,1362,1376,-5,-3,-2
4476042000,2023-03-31,충청남도,부여군,장암면,2616,1332,1284,2612,1329,1283,-4,-3,-1
4476043000,2023-03-31,충청남도,부여군,세도면,3008,1529,1479,2996,1525,1471,-12,-4,-8
4476044000,2023-03-31,충청남도,부여군,석성면,2731,1434,1297,2734,1430,1304,3,-4,7
4476045000,2023-03-31,충청남도,부여군,초촌면,2069,1045,1024,2067,1047,1020,-2,2,-4
4477025000,2023-03-31,충청남도,서천군,장항읍,11074,5555,5519,11049,5547,5502,-25,-8,-17
4477025300,2023-03-31,충청남도,서천군,서천읍,13078,6372,6706,13052,6357,6695,-26,-15,-11
4477031000,2023-03-31,충청남도,서천군,마서면,4666,2305,2361,4658,2304,2354,-8,-1,-7
4477032000,2023-03-31,충청남도,서천군,화양면,2187,1072,1115,2176,1067,1109,-11,-5,-6
4477033000,2023-03-31,충청남도,서천군,기산면,1540,760,780,1542,764,778,2,4,-2
4477034000,2023-03-31,충청남도,서천군,한산면,2405,1136,1269,2398,1129,1269,-7,-7,0
4477035000,2023-03-31,충청남도,서천군,마산면,1429,680,749,1435,682,753,6,2,4
4477036000,2023-03-31,충청남도,서천군,시초면,1211,591,620,1210,590,620,-1,-1,0
4477037000,2023-03-31,충청남도,서천군,문산면,1203,610,593,1201,608,593,-2,-2,0
4477038000,2023-03-31,충청남도,서천군,판교면,2015,990,1025,2007,987,1020,-8,-3,-5
4477039000,2023-03-31,충청남도,서천군,종천면,2000,965,1035,1996,965,1031,-4,0,-4
4477040000,2023-03-31,충청남도,서천군,비인면,2839,1429,1410,2857,1442,1415,18,13,5
4477041000,2023-03-31,충청남도,서천군,서면,4161,2154,2007,4151,2139,2012,-10,-15,5
4479025000,2023-03-31,충청남도,청양군,청양읍,9927,5041,4886,10113,5167,4946,186,126,60
4479031000,2023-03-31,충청남도,청양군,운곡면,2094,1047,1047,2091,1048,1043,-3,1,-4
4479032000,2023-03-31,충청남도,청양군,대치면,2229,1169,1060,2235,1169,1066,6,0,6
4479033000,2023-03-31,충청남도,청양군,정산면,3474,1800,1674,3462,1794,1668,-12,-6,-6
4479034000,2023-03-31,충청남도,청양군,목면,1481,782,699,1477,779,698,-4,-3,-1
4479035000,2023-03-31,충청남도,청양군,청남면,1827,949,878,1826,944,882,-1,-5,4
4479036000,2023-03-31,충청남도,청양군,장평면,2253,1147,1106,2244,1146,1098,-9,-1,-8
4479037000,2023-03-31,충청남도,청양군,남양면,2617,1302,1315,2615,1299,1316,-2,-3,1
4479038000,2023-03-31,충청남도,청양군,화성면,2128,1063,1065,2115,1055,1060,-13,-8,-5
4479039000,2023-03-31,충청남도,청양군,비봉면,2097,1042,1055,2102,1043,1059,5,1,4
4480025000,2023-03-31,충청남도,홍성군,홍성읍,36320,18007,18313,36212,17970,18242,-108,-37,-71
4480025300,2023-03-31,충청남도,홍성군,광천읍,7994,3929,4065,7985,3917,4068,-9,-12,3
4480025600,2023-03-31,충청남도,홍성군,홍북읍,29280,14671,14609,29225,14653,14572,-55,-18,-37
4480032000,2023-03-31,충청남도,홍성군,금마면,3441,1758,1683,3431,1749,1682,-10,-9,-1
4480033000,2023-03-31,충청남도,홍성군,홍동면,3387,1704,1683,3406,1712,1694,19,8,11
4480034000,2023-03-31,충청남도,홍성군,장곡면,2817,1350,1467,2811,1349,1462,-6,-1,-5
4480035000,2023-03-31,충청남도,홍성군,은하면,2193,1126,1067,2196,1126,1070,3,0,3
4480036000,2023-03-31,충청남도,홍성군,결성면,2050,1005,1045,2042,1008,1034,-8,3,-11
4480037000,2023-03-31,충청남도,홍성군,서부면,3114,1526,1588,3101,1519,1582,-13,-7,-6
4480038000,2023-03-31,충청남도,홍성군,갈산면,3452,1756,1696,3436,1749,1687,-16,-7,-9
4480039000,2023-03-31,충청남도,홍성군,구항면,3464,1760,1704,3443,1740,1703,-21,-20,-1
4481025000,2023-03-31,충청남도,예산군,예산읍,31562,15656,15906,31490,15619,15871,-72,-37,-35
4481025300,2023-03-31,충청남도,예산군,삽교읍,13478,6731,6747,13950,6945,7005,472,214,258
4481031000,2023-03-31,충청남도,예산군,대술면,2341,1192,1149,2335,1189,1146,-6,-3,-3
4481032000,2023-03-31,충청남도,예산군,신양면,2950,1498,1452,2950,1499,1451,0,1,-1
4481033000,2023-03-31,충청남도,예산군,광시면,3019,1498,1521,3017,1499,1518,-2,1,-3
4481034000,2023-03-31,충청남도,예산군,대흥면,1700,878,822,1696,874,822,-4,-4,0
4481035000,2023-03-31,충청남도,예산군,응봉면,2415,1256,1159,2422,1255,1167,7,-1,8
4481036000,2023-03-31,충청남도,예산군,덕산면,6492,3214,3278,6463,3192,3271,-29,-22,-7
4481037000,2023-03-31,충청남도,예산군,봉산면,2436,1234,1202,2433,1238,1195,-3,4,-7
4481038000,2023-03-31,충청남도,예산군,고덕면,4322,2213,2109,4310,2209,2101,-12,-4,-8
4481039000,2023-03-31,충청남도,예산군,신암면,3344,1714,1630,3336,1712,1624,-8,-2,-6
4481040000,2023-03-31,충청남도,예산군,오가면,4068,2125,1943,4049,2120,1929,-19,-5,-14
4482525000,2023-03-31,충청남도,태안군,태안읍,29046,14703,14343,29021,14698,14323,-25,-5,-20
4482525300,2023-03-31,충청남도,태안군,안면읍,8255,4101,4154,8251,4100,4151,-4,-1,-3
4482531000,2023-03-31,충청남도,태안군,고남면,2307,1110,1197,2302,1104,1198,-5,-6,1
4482532000,2023-03-31,충청남도,태안군,남면,4239,2192,2047,4253,2203,2050,14,11,3
4482533000,2023-03-31,충청남도,태안군,근흥면,5317,2742,2575,5323,2742,2581,6,0,6
4482534000,2023-03-31,충청남도,태안군,소원면,5266,2611,2655,5270,2610,2660,4,-1,5
4482535000,2023-03-31,충청남도,태안군,원북면,4368,2252,2116,4371,2259,2112,3,7,-4
4482536000,2023-03-31,충청남도,태안군,이원면,2219,1138,1081,2220,1135,1085,1,-3,4
4511151000,2023-03-31,전라북도,전주시 완산구,중앙동,9747,4857,4890,9771,4874,4897,24,17,7
4511153000,2023-03-31,전라북도,전주시 완산구,풍남동,3845,1917,1928,3820,1910,1910,-25,-7,-18
4511160500,2023-03-31,전라북도,전주시 완산구,노송동,10973,5342,5631,10870,5288,5582,-103,-54,-49
4511163500,2023-03-31,전라북도,전주시 완산구,완산동,5187,2538,2649,5174,2537,2637,-13,-1,-12
4511165000,2023-03-31,전라북도,전주시 완산구,동서학동,6114,3019,3095,6081,2987,3094,-33,-32,-1
4511166000,2023-03-31,전라북도,전주시 완산구,서서학동,8321,4054,4267,8283,4036,4247,-38,-18,-20
4511167100,2023-03-31,전라북도,전주시 완산구,중화산1동,13836,6632,7204,13799,6603,7196,-37,-29,-8
4511167200,2023-03-31,전라북도,전주시 완산구,중화산2동,19330,9678,9652,19307,9650,9657,-23,-28,5
4511168000,2023-03-31,전라북도,전주시 완산구,서신동,39921,19410,20511,40010,19451,20559,89,41,48
4511169100,2023-03-31,전라북도,전주시 완산구,평화1동,12382,5984,6398,12339,5965,6374,-43,-19,-24
4511169200,2023-03-31,전라북도,전주시 완산구,평화2동,44495,21380,23115,44368,21295,23073,-127,-85,-42
4511170100,2023-03-31,전라북도,전주시 완산구,삼천1동,10958,5296,5662,11117,5374,5743,159,78,81
4511170200,2023-03-31,전라북도,전주시 완산구,삼천2동,13081,6283,6798,12991,6218,6773,-90,-65,-25
4511170300,2023-03-31,전라북도,전주시 완산구,삼천3동,21239,10240,10999,21156,10205,10951,-83,-35,-48
4511171100,2023-03-31,전라북도,전주시 완산구,효자1동,13011,6236,6775,13020,6252,6768,9,16,-7
4511171200,2023-03-31,전라북도,전주시 완산구,효자2동,9578,4592,4986,9520,4549,4971,-58,-43,-15
4511171300,2023-03-31,전라북도,전주시 완산구,효자3동,14295,6695,7600,14254,6684,7570,-41,-11,-30
4511171400,2023-03-31,전라북도,전주시 완산구,효자4동,38653,18796,19857,38629,18801,19828,-24,5,-29
4511173000,2023-03-31,전라북도,전주시 완산구,효자5동,36474,18264,18210,36371,18212,18159,-103,-52,-51
4511352500,2023-03-31,전라북도,전주시 덕진구,진북동,13415,6515,6900,13390,6512,6878,-25,-3,-22
4511354000,2023-03-31,전라북도,전주시 덕진구,인후1동,17782,8526,9256,17715,8489,9226,-67,-37,-30
4511355000,2023-03-31,전라북도,전주시 덕진구,인후2동,10810,5374,5436,10781,5355,5426,-29,-19,-10
4511356000,2023-03-31,전라북도,전주시 덕진구,인후3동,31113,15335,15778,31002,15286,15716,-111,-49,-62
4511357000,2023-03-31,전라북도,전주시 덕진구,덕진동,20574,10439,10135,20535,10415,10120,-39,-24,-15
4511358000,2023-03-31,전라북도,전주시 덕진구,금암1동,7769,4206,3563,7781,4229,3552,12,23,-11
4511359000,2023-03-31,전라북도,전주시 덕진구,금암2동,9552,4650,4902,9522,4629,4893,-30,-21,-9
4511360000,2023-03-31,전라북도,전주시 덕진구,팔복동,7662,4173,3489,7662,4176,3486,0,3,-3
4511361100,2023-03-31,전라북도,전주시 덕진구,우아1동,12469,6225,6244,12399,6186,6213,-70,-39,-31
4511361200,2023-03-31,전라북도,전주시 덕진구,우아2동,14215,7433,6782,14136,7377,6759,-79,-56,-23
4511362000,2023-03-31,전라북도,전주시 덕진구,호성동,19293,9168,10125,19194,9105,10089,-99,-63,-36
4511364100,2023-03-31,전라북도,전주시 덕진구,송천1동,63539,31422,32117,63417,31366,32051,-122,-56,-66
4511364200,2023-03-31,전라북도,전주시 덕진구,송천2동,25574,12442,13132,25443,12386,13057,-131,-56,-75
4511365000,2023-03-31,전라북도,전주시 덕진구,조촌동,12318,6320,5998,12311,6322,5989,-7,2,-9
4511366500,2023-03-31,전라북도,전주시 덕진구,여의동,31846,15983,15863,31826,15973,15853,-20,-10,-10
4511367000,2023-03-31,전라북도,전주시 덕진구,혁신동,19991,9705,10286,19993,9719,10274,2,14,-12
4513025000,2023-03-31,전라북도,군산시,옥구읍,3008,1543,1465,3004,1539,1465,-4,-4,0
4513031000,2023-03-31,전라북도,군산시,옥산면,4576,2320,2256,4573,2319,2254,-3,-1,-2
4513032000,2023-03-31,전라북도,군산시,회현면,3322,1705,1617,3303,1698,1605,-19,-7,-12
4513033000,2023-03-31,전라북도,군산시,임피면,2491,1272,1219,2502,1279,1223,11,7,4
4513034000,2023-03-31,전라북도,군산시,서수면,2413,1209,1204,2415,1207,1208,2,-2,4
4513035000,2023-03-31,전라북도,군산시,대야면,4770,2386,2384,4768,2381,2387,-2,-5,3
4513036000,2023-03-31,전라북도,군산시,개정면,2875,1452,1423,2888,1456,1432,13,4,9
4513037000,2023-03-31,전라북도,군산시,성산면,2755,1365,1390,2735,1358,1377,-20,-7,-13
4513038000,2023-03-31,전라북도,군산시,나포면,2103,1095,1008,2107,1092,1015,4,-3,7
4513039000,2023-03-31,전라북도,군산시,옥도면,3082,1744,1338,3075,1742,1333,-7,-2,-5
4513040000,2023-03-31,전라북도,군산시,옥서면,2824,1451,1373,2826,1453,1373,2,2,0
4513051500,2023-03-31,전라북도,군산시,해신동,2155,1042,1113,2150,1039,1111,-5,-3,-2
4513053000,2023-03-31,전라북도,군산시,월명동,4986,2491,2495,4979,2491,2488,-7,0,-7
4513055000,2023-03-31,전라북도,군산시,신풍동,6670,3332,3338,6603,3291,3312,-67,-41,-26
4513056000,2023-03-31,전라북도,군산시,삼학동,5367,2585,2782,5330,2566,2764,-37,-19,-18
4513060500,2023-03-31,전라북도,군산시,중앙동,4228,2114,2114,4216,2113,2103,-12,-1,-11
4513064000,2023-03-31,전라북도,군산시,흥남동,12255,6178,6077,12205,6138,6067,-50,-40,-10
4513065000,2023-03-31,전라북도,군산시,조촌동,24724,12478,12246,24766,12499,12267,42,21,21
4513066000,2023-03-31,전라북도,군산시,경암동,7219,3633,3586,7233,3636,3597,14,3,11
4513067000,2023-03-31,전라북도,군산시,구암동,8561,4279,4282,8563,4281,4282,2,2,0
4513068000,2023-03-31,전라북도,군산시,개정동,2652,1332,1320,2648,1331,1317,-4,-1,-3
4513069000,2023-03-31,전라북도,군산시,수송동,53856,26876,26980,53800,26827,26973,-56,-49,-7
4513070100,2023-03-31,전라북도,군산시,나운1동,13360,6720,6640,13442,6748,6694,82,28,54
4513070200,2023-03-31,전라북도,군산시,나운2동,22393,10771,11622,22316,10737,11579,-77,-34,-43
4513070300,2023-03-31,전라북도,군산시,나운3동,30951,15499,15452,30932,15501,15431,-19,2,-21
4513071000,2023-03-31,전라북도,군산시,소룡동,17254,9610,7644,17239,9618,7621,-15,8,-23
4513072000,2023-03-31,전라북도,군산시,미성동,11022,6189,4833,10983,6173,4810,-39,-16,-23
4514025000,2023-03-31,전라북도,익산시,함열읍,6542,3201,3341,6532,3198,3334,-10,-3,-7
4514031000,2023-03-31,전라북도,익산시,오산면,7427,3658,3769,7405,3643,3762,-22,-15,-7
4514032000,2023-03-31,전라북도,익산시,황등면,6737,3405,3332,6718,3401,3317,-19,-4,-15
4514033000,2023-03-31,전라북도,익산시,함라면,2191,1087,1104,2187,1087,1100,-4,0,-4
4514034000,2023-03-31,전라북도,익산시,웅포면,1506,766,740,1514,771,743,8,5,3
4514035000,2023-03-31,전라북도,익산시,성당면,1848,944,904,1843,938,905,-5,-6,1
4514036000,2023-03-31,전라북도,익산시,용안면,2551,1288,1263,2544,1282,1262,-7,-6,-1
4514037000,2023-03-31,전라북도,익산시,낭산면,2896,1531,1365,2898,1527,1371,2,-4,6
4514038000,2023-03-31,전라북도,익산시,망성면,2847,1422,1425,2847,1421,1426,0,-1,1
4514039000,2023-03-31,전라북도,익산시,여산면,3182,1610,1572,3172,1607,1565,-10,-3,-7
4514040000,2023-03-31,전라북도,익산시,금마면,5115,2680,2435,5116,2678,2438,1,-2,3
4514041000,2023-03-31,전라북도,익산시,왕궁면,4115,2122,1993,4106,2124,1982,-9,2,-11
4514042000,2023-03-31,전라북도,익산시,춘포면,4259,2172,2087,4292,2187,2105,33,15,18
4514043000,2023-03-31,전라북도,익산시,삼기면,2520,1296,1224,2515,1295,1220,-5,-1,-4
4514044000,2023-03-31,전라북도,익산시,용동면,1471,732,739,1459,725,734,-12,-7,-5
4514052000,2023-03-31,전라북도,익산시,중앙동,3156,1669,1487,3139,1666,1473,-17,-3,-14
4514053000,2023-03-31,전라북도,익산시,평화동,4488,2370,2118,4460,2356,2104,-28,-14,-14
4514056000,2023-03-31,전라북도,익산시,인화동,6626,3403,3223,6593,3394,3199,-33,-9,-24
4514057000,2023-03-31,전라북도,익산시,동산동,21478,10526,10952,21505,10536,10969,27,10,17
4514058000,2023-03-31,전라북도,익산시,마동,9472,4819,4653,9457,4807,4650,-15,-12,-3
4514059500,2023-03-31,전라북도,익산시,남중동,10860,5557,5303,10816,5523,5293,-44,-34,-10
4514061000,2023-03-31,전라북도,익산시,모현동,38438,18664,19774,38428,18648,19780,-10,-16,6
4514062000,2023-03-31,전라북도,익산시,송학동,9038,4474,4564,9038,4463,4575,0,-11,11
4514064600,2023-03-31,전라북도,익산시,영등1동,22212,10922,11290,22153,10902,11251,-59,-20,-39
4514064700,2023-03-31,전라북도,익산시,영등2동,13652,6673,6979,13614,6648,6966,-38,-25,-13
4514065200,2023-03-31,전라북도,익산시,어양동,23876,11665,12211,23867,11655,12212,-9,-10,1
4514065600,2023-03-31,전라북도,익산시,신동,15287,7745,7542,15495,7875,7620,208,130,78
4514067000,2023-03-31,전라북도,익산시,팔봉동,6693,3458,3235,6692,3461,3231,-1,3,-4
4514069000,2023-03-31,전라북도,익산시,삼성동,32310,16002,16308,32197,15940,16257,-113,-62,-51
4518025000,2023-03-31,전라북도,정읍시,신태인읍,5237,2565,2672,5227,2558,2669,-10,-7,-3
4518031000,2023-03-31,전라북도,정읍시,북면,4109,2087,2022,4097,2080,2017,-12,-7,-5
4518032000,2023-03-31,전라북도,정읍시,입암면,2693,1341,1352,2706,1342,1364,13,1,12
4518033000,2023-03-31,전라북도,정읍시,소성면,2033,1053,980,2035,1050,985,2,-3,5
4518034000,2023-03-31,전라북도,정읍시,고부면,2716,1351,1365,2705,1344,1361,-11,-7,-4
4518035000,2023-03-31,전라북도,정읍시,영원면,1691,834,857,1689,833,856,-2,-1,-1
4518036000,2023-03-31,전라북도,정읍시,덕천면,1753,901,852,1750,900,850,-3,-1,-2
4518037000,2023-03-31,전라북도,정읍시,이평면,2014,998,1016,2000,989,1011,-14,-9,-5
4518038000,2023-03-31,전라북도,정읍시,정우면,2461,1248,1213,2448,1240,1208,-13,-8,-5
4518039000,2023-03-31,전라북도,정읍시,태인면,3304,1649,1655,3304,1655,1649,0,6,-6
4518040000,2023-03-31,전라북도,정읍시,감곡면,2684,1367,1317,2691,1373,1318,7,6,1
4518041000,2023-03-31,전라북도,정읍시,옹동면,1621,832,789,1620,835,785,-1,3,-4
4518042000,2023-03-31,전라북도,정읍시,칠보면,2189,1130,1059,2195,1135,1060,6,5,1
4518043000,2023-03-31,전라북도,정읍시,산내면,1193,613,580,1187,606,581,-6,-7,1
4518044000,2023-03-31,전라북도,정읍시,산외면,2019,1025,994,2011,1024,987,-8,-1,-7
4518051000,2023-03-31,전라북도,정읍시,수성동,16760,8482,8278,16743,8477,8266,-17,-5,-12
4518052000,2023-03-31,전라북도,정읍시,장명동,2811,1383,1428,2814,1390,1424,3,7,-4
4518053500,2023-03-31,전라북도,정읍시,내장상동,20206,9769,10437,20112,9719,10393,-94,-50,-44
4518054500,2023-03-31,전라북도,정읍시,시기동,3134,1496,1638,3118,1486,1632,-16,-10,-6
4518056500,2023-03-31,전라북도,정읍시,초산동,10144,5025,5119,10122,5021,5101,-22,-4,-18
4518057000,2023-03-31,전라북도,정읍시,연지동,5898,2918,2980,5868,2900,2968,-30,-18,-12
4518058000,2023-03-31,전라북도,정읍시,농소동,3888,1885,2003,3873,1879,1994,-15,-6,-9
4518059500,2023-03-31,전라북도,정읍시,상교동,4271,2223,2048,4275,2226,2049,4,3,1
4519025000,2023-03-31,전라북도,남원시,운봉읍,3728,1797,1931,3735,1802,1933,7,5,2
4519031000,2023-03-31,전라북도,남원시,주천면,2551,1292,1259,2548,1289,1259,-3,-3,0
4519032000,2023-03-31,전라북도,남원시,수지면,1069,536,533,1067,536,531,-2,0,-2
4519033000,2023-03-31,전라북도,남원시,송동면,1941,969,972,1926,963,963,-15,-6,-9
4519034000,2023-03-31,전라북도,남원시,주생면,1802,885,917,1778,872,906,-24,-13,-11
4519035000,2023-03-31,전라북도,남원시,금지면,2211,1062,1149,2205,1060,1145,-6,-2,-4
4519036000,2023-03-31,전라북도,남원시,대강면,1518,726,792,1518,724,794,0,-2,2
4519037000,2023-03-31,전라북도,남원시,대산면,1612,828,784,1605,825,780,-7,-3,-4
4519038000,2023-03-31,전라북도,남원시,사매면,1432,735,697,1434,740,694,2,5,-3
4519039000,2023-03-31,전라북도,남원시,덕과면,928,475,453,922,475,447,-6,0,-6
4519040000,2023-03-31,전라북도,남원시,보절면,1387,709,678,1381,706,675,-6,-3,-3
4519041000,2023-03-31,전라북도,남원시,산동면,1731,879,852,1719,870,849,-12,-9,-3
4519042000,2023-03-31,전라북도,남원시,이백면,2214,1087,1127,2209,1089,1120,-5,2,-7
4519045000,2023-03-31,전라북도,남원시,아영면,1850,921,929,1843,917,926,-7,-4,-3
4519046000,2023-03-31,전라북도,남원시,산내면,2079,1022,1057,2077,1017,1060,-2,-5,3
4519047000,2023-03-31,전라북도,남원시,인월면,2732,1338,1394,2731,1337,1394,-1,-1,0
4519051000,2023-03-31,전라북도,남원시,동충동,3224,1538,1686,3207,1528,1679,-17,-10,-7
4519052000,2023-03-31,전라북도,남원시,죽항동,3128,1478,1650,3097,1464,1633,-31,-14,-17
4519054000,2023-03-31,전라북도,남원시,노암동,5937,2851,3086,5929,2843,3086,-8,-8,0
4519055000,2023-03-31,전라북도,남원시,금동,6364,3049,3315,6320,3030,3290,-44,-19,-25
4519056000,2023-03-31,전라북도,남원시,왕정동,4495,2196,2299,4734,2315,2419,239,119,120
4519057000,2023-03-31,전라북도,남원시,향교동,6812,3446,3366,6754,3412,3342,-58,-34,-24
4519059000,2023-03-31,전라북도,남원시,도통동,16927,8271,8656,16810,8210,8600,-117,-61,-56
4521025000,2023-03-31,전라북도,김제시,만경읍,2640,1328,1312,2643,1332,1311,3,4,-1
4521032000,2023-03-31,전라북도,김제시,죽산면,2414,1184,1230,2406,1177,1229,-8,-7,-1
4521033000,2023-03-31,전라북도,김제시,백산면,2921,1535,1386,2987,1569,1418,66,34,32
4521034000,2023-03-31,전라북도,김제시,용지면,3422,1753,1669,3426,1755,1671,4,2,2
4521035000,2023-03-31,전라북도,김제시,백구면,3708,1832,1876,3707,1834,1873,-1,2,-3
4521036000,2023-03-31,전라북도,김제시,부량면,1285,619,666,1284,615,669,-1,-4,3
4521038000,2023-03-31,전라북도,김제시,공덕면,2461,1268,1193,2474,1273,1201,13,5,8
4521039000,2023-03-31,전라북도,김제시,청하면,1697,854,843,1704,856,848,7,2,5
4521040000,2023-03-31,전라북도,김제시,성덕면,1717,864,853,1721,870,851,4,6,-2
4521041000,2023-03-31,전라북도,김제시,진봉면,2501,1205,1296,2513,1212,1301,12,7,5
4521042000,2023-03-31,전라북도,김제시,금구면,4970,2530,2440,4971,2526,2445,1,-4,5
4521043000,2023-03-31,전라북도,김제시,봉남면,2178,1072,1106,2165,1063,1102,-13,-9,-4
4521044000,2023-03-31,전라북도,김제시,황산면,1913,984,929,1909,985,924,-4,1,-5
4521045000,2023-03-31,전라북도,김제시,금산면,4587,2317,2270,4571,2306,2265,-16,-11,-5
4521046000,2023-03-31,전라북도,김제시,광활면,1296,660,636,1297,660,637,1,0,1
4521051000,2023-03-31,전라북도,김제시,요촌동,10852,5364,5488,10836,5363,5473,-16,-1,-15
4521052000,2023-03-31,전라북도,김제시,신풍동,12895,6269,6626,12908,6263,6645,13,-6,19
4521054000,2023-03-31,전라북도,김제시,검산동,11981,5865,6116,12046,5942,6104,65,77,-12
4521058000,2023-03-31,전라북도,김제시,교월동,6308,3129,3179,6325,3137,3188,17,8,9
4571025000,2023-03-31,전라북도,완주군,삼례읍,18949,9789,9160,19295,9980,9315,346,191,155
4571025300,2023-03-31,전라북도,완주군,봉동읍,25059,12992,12067,24943,12945,11998,-116,-47,-69
4571025600,2023-03-31,전라북도,완주군,용진읍,6946,3568,3378,7544,3862,3682,598,294,304
4571032000,2023-03-31,전라북도,완주군,상관면,4141,2137,2004,4130,2130,2000,-11,-7,-4
4571033000,2023-03-31,전라북도,완주군,이서면,14169,7112,7057,14158,7113,7045,-11,1,-12
4571034000,2023-03-31,전라북도,완주군,소양면,5800,2983,2817,5787,2975,2812,-13,-8,-5
4571035000,2023-03-31,전라북도,완주군,구이면,5627,2845,2782,5611,2839,2772,-16,-6,-10
4571036000,2023-03-31,전라북도,완주군,고산면,4457,2305,2152,4437,2297,2140,-20,-8,-12
4571037000,2023-03-31,전라북도,완주군,비봉면,1831,949,882,1831,949,882,0,0,0
4571038000,2023-03-31,전라북도,완주군,운주면,1909,971,938,1911,970,941,2,-1,3
4571039000,2023-03-31,전라북도,완주군,화산면,2585,1353,1232,2562,1344,1218,-23,-9,-14
4571040000,2023-03-31,전라북도,완주군,동상면,1082,556,526,1080,555,525,-2,-1,-1
4571041000,2023-03-31,전라북도,완주군,경천면,983,503,480,976,500,476,-7,-3,-4
4572025000,2023-03-31,전라북도,진안군,진안읍,9766,4952,4814,9797,4972,4825,31,20,11
4572031000,2023-03-31,전라북도,진안군,용담면,834,410,424,837,410,427,3,0,3
4572032000,2023-03-31,전라북도,진안군,안천면,1039,504,535,1047,506,541,8,2,6
4572033000,2023-03-31,전라북도,진안군,동향면,1344,650,694,1347,653,694,3,3,0
4572034000,2023-03-31,전라북도,진안군,상전면,815,419,396,816,416,400,1,-3,4
4572035000,2023-03-31,전라북도,진안군,백운면,1926,1026,900,1934,1032,902,8,6,2
4572036000,2023-03-31,전라북도,진안군,성수면,1726,889,837,1720,886,834,-6,-3,-3
4572037000,2023-03-31,전라북도,진안군,마령면,1756,906,850,1758,910,848,2,4,-2
4572038000,2023-03-31,전라북도,진안군,부귀면,2861,1478,1383,2861,1483,1378,0,5,-5
4572039000,2023-03-31,전라북도,진안군,정천면,1069,568,501,1072,570,502,3,2,1
4572040000,2023-03-31,전라북도,진안군,주천면,1457,743,714,1462,746,716,5,3,2
4573025000,2023-03-31,전라북도,무주군,무주읍,9313,4667,4646,9302,4668,4634,-11,1,-12
4573031000,2023-03-31,전라북도,무주군,무풍면,2124,1071,1053,2129,1075,1054,5,4,1
4573032000,2023-03-31,전라북도,무주군,설천면,3904,1958,1946,3901,1963,1938,-3,5,-8
4573033000,2023-03-31,전라북도,무주군,적상면,2557,1264,1293,2548,1259,1289,-9,-5,-4
4573034000,2023-03-31,전라북도,무주군,안성면,4114,2040,2074,4116,2036,2080,2,-4,6
4573035000,2023-03-31,전라북도,무주군,부남면,1385,690,695,1379,689,690,-6,-1,-5
4574025000,2023-03-31,전라북도,장수군,장수읍,7094,3519,3575,7071,3510,3561,-23,-9,-14
4574031000,2023-03-31,전라북도,장수군,산서면,2013,1013,1000,2009,1010,999,-4,-3,-1
4574032000,2023-03-31,전라북도,장수군,번암면,2216,1129,1087,2221,1134,1087,5,5,0
4574033500,2023-03-31,전라북도,장수군,장계면,4242,2160,2082,4234,2154,2080,-8,-6,-2
4574034000,2023-03-31,전라북도,장수군,천천면,2042,1008,1034,2037,1004,1033,-5,-4,-1
4574035000,2023-03-31,전라북도,장수군,계남면,2073,1043,1030,2075,1047,1028,2,4,-2
4574036000,2023-03-31,전라북도,장수군,계북면,1534,785,749,1530,784,746,-4,-1,-3
4575025000,2023-03-31,전라북도,임실군,임실읍,7241,3690,3551,7232,3679,3553,-9,-11,2
4575031000,2023-03-31,전라북도,임실군,청웅면,1247,624,623,1231,619,612,-16,-5,-11
4575032000,2023-03-31,전라북도,임실군,운암면,1594,833,761,1591,830,761,-3,-3,0
4575033000,2023-03-31,전라북도,임실군,신평면,1436,750,686,1440,751,689,4,1,3
4575034000,2023-03-31,전라북도,임실군,성수면,1592,828,764,1592,835,757,0,7,-7
4575035500,2023-03-31,전라북도,임실군,오수면,3533,1786,1747,3523,1780,1743,-10,-6,-4
4575036000,2023-03-31,전라북도,임실군,신덕면,1303,679,624,1314,686,628,11,7,4
4575037000,2023-03-31,전라북도,임실군,삼계면,1458,751,707,1454,751,703,-4,0,-4
4575038000,2023-03-31,전라북도,임실군,관촌면,3199,1633,1566,3199,1640,1559,0,7,-7
4575039000,2023-03-31,전라북도,임실군,강진면,1463,777,686,1454,772,682,-9,-5,-4
4575040000,2023-03-31,전라북도,임실군,덕치면,1169,606,563,1167,603,564,-2,-3,1
4575041000,2023-03-31,전라북도,임실군,지사면,1202,599,603,1201,600,601,-1,1,-2
4577025000,2023-03-31,전라북도,순창군,순창읍,10080,4905,5175,10136,4934,5202,56,29,27
4577031000,2023-03-31,전라북도,순창군,인계면,1479,718,761,1466,711,755,-13,-7,-6
4577032000,2023-03-31,전라북도,순창군,동계면,1933,948,985,1927,943,984,-6,-5,-1
4577033000,2023-03-31,전라북도,순창군,풍산면,1640,821,819,1639,817,822,-1,-4,3
4577034000,2023-03-31,전라북도,순창군,금과면,1728,878,850,1723,872,851,-5,-6,1
4577035000,2023-03-31,전라북도,순창군,팔덕면,1383,699,684,1372,697,675,-11,-2,-9
4577036000,2023-03-31,전라북도,순창군,쌍치면,1896,952,944,1888,949,939,-8,-3,-5
4577037000,2023-03-31,전라북도,순창군,복흥면,2073,999,1074,2070,996,1074,-3,-3,0
4577038000,2023-03-31,전라북도,순창군,적성면,1216,585,631,1223,593,630,7,8,-1
4577039000,2023-03-31,전라북도,순창군,유등면,1052,519,533,1049,516,533,-3,-3,0
4577040000,2023-03-31,전라북도,순창군,구림면,2277,1121,1156,2267,1111,1156,-10,-10,0
4579025000,2023-03-31,전라북도,고창군,고창읍,20785,10258,10527,20846,10294,10552,61,36,25
4579031000,2023-03-31,전라북도,고창군,고수면,2152,1105,1047,2154,1107,1047,2,2,0
4579032000,2023-03-31,전라북도,고창군,아산면,2554,1319,1235,2552,1319,1233,-2,0,-2
4579033000,2023-03-31,전라북도,고창군,무장면,2649,1324,1325,2630,1314,1316,-19,-10,-9
4579034000,2023-03-31,전라북도,고창군,공음면,2393,1178,1215,2382,1170,1212,-11,-8,-3
4579035000,2023-03-31,전라북도,고창군,상하면,2321,1149,1172,2326,1152,1174,5,3,2
4579036000,2023-03-31,전라북도,고창군,해리면,2569,1265,1304,2561,1265,1296,-8,0,-8
4579037000,2023-03-31,전라북도,고창군,성송면,1717,866,851,1720,869,851,3,3,0
4579038000,2023-03-31,전라북도,고창군,대산면,3117,1553,1564,3110,1548,1562,-7,-5,-2
4579039000,2023-03-31,전라북도,고창군,심원면,2405,1207,1198,2406,1207,1199,1,0,1
4579040000,2023-03-31,전라북도,고창군,흥덕면,3005,1479,1526,3012,1486,1526,7,7,0
4579041000,2023-03-31,전라북도,고창군,성내면,1899,991,908,1886,985,901,-13,-6,-7
4579042000,2023-03-31,전라북도,고창군,신림면,2131,1032,1099,2124,1035,1089,-7,3,-10
4579043000,2023-03-31,전라북도,고창군,부안면,2511,1227,1284,2496,1225,1271,-15,-2,-13
4580025000,2023-03-31,전라북도,부안군,부안읍,20853,10142,10711,20845,10143,10702,-8,1,-9
4580031000,2023-03-31,전라북도,부안군,주산면,1773,880,893,1770,876,894,-3,-4,1
4580032000,2023-03-31,전라북도,부안군,동진면,2675,1356,1319,2683,1358,1325,8,2,6
4580033000,2023-03-31,전라북도,부안군,행안면,2121,1097,1024,2112,1098,1014,-9,1,-10
4580034000,2023-03-31,전라북도,부안군,계화면,3190,1597,1593,3191,1599,1592,1,2,-1
4580035000,2023-03-31,전라북도,부안군,보안면,2318,1163,1155,2316,1157,1159,-2,-6,4
4580036000,2023-03-31,전라북도,부안군,변산면,4270,2181,2089,4280,2186,2094,10,5,5
4580037000,2023-03-31,전라북도,부안군,진서면,2265,1166,1099,2270,1172,1098,5,6,-1
4580038000,2023-03-31,전라북도,부안군,백산면,2410,1194,1216,2402,1190,1212,-8,-4,-4
4580039000,2023-03-31,전라북도,부안군,상서면,2107,1049,1058,2104,1042,1062,-3,-7,4
4580040000,2023-03-31,전라북도,부안군,하서면,2553,1251,1302,2560,1258,1302,7,7,0
4580041000,2023-03-31,전라북도,부안군,줄포면,2450,1219,1231,2463,1223,1240,13,4,9
4580042000,2023-03-31,전라북도,부안군,위도면,1121,603,518,1126,606,520,5,3,2
4611051000,2023-03-31,전라남도,목포시,용당1동,9933,4956,4977,9896,4933,4963,-37,-23,-14
4611052000,2023-03-31,전라남도,목포시,용당2동,4800,2438,2362,4785,2430,2355,-15,-8,-7
4611053500,2023-03-31,전라남도,목포시,연동,4252,2147,2105,4241,2139,2102,-11,-8,-3
4611054500,2023-03-31,전라남도,목포시,산정동,9229,4498,4731,9193,4476,4717,-36,-22,-14
4611055400,2023-03-31,전라남도,목포시,연산동,10464,5142,5322,10460,5146,5314,-4,4,-8
4611055800,2023-03-31,전라남도,목포시,원산동,12230,6008,6222,12211,6002,6209,-19,-6,-13
4611056500,2023-03-31,전라남도,목포시,대성동,4828,2400,2428,4829,2402,2427,1,2,-1
4611059500,2023-03-31,전라남도,목포시,목원동,6975,3532,3443,6914,3508,3406,-61,-24,-37
4611064000,2023-03-31,전라남도,목포시,동명동,4949,2575,2374,4929,2559,2370,-20,-16,-4
4611064500,2023-03-31,전라남도,목포시,삼학동,5796,2821,2975,5799,2824,2975,3,3,0
4611065500,2023-03-31,전라남도,목포시,만호동,2528,1340,1188,2541,1343,1198,13,3,10
4611066000,2023-03-31,전라남도,목포시,유달동,3926,2092,1834,3924,2095,1829,-2,3,-5
4611069500,2023-03-31,전라남도,목포시,죽교동,2904,1499,1405,2898,1493,1405,-6,-6,0
4611070500,2023-03-31,전라남도,목포시,북항동,8875,4442,4433,8851,4428,4423,-24,-14,-10
4611074500,2023-03-31,전라남도,목포시,용해동,16648,8180,8468,16617,8162,8455,-31,-18,-13
4611075000,2023-03-31,전라남도,목포시,이로동,10500,5159,5341,10471,5144,5327,-29,-15,-14
4611075600,2023-03-31,전라남도,목포시,상동,21511,10530,10981,21448,10497,10951,-63,-33,-30
4611075700,2023-03-31,전라남도,목포시,하당동,12918,6679,6239,13012,6729,6283,94,50,44
4611075800,2023-03-31,전라남도,목포시,신흥동,16226,8039,8187,16188,8021,8167,-38,-18,-20
4611078000,2023-03-31,전라남도,목포시,삼향동,4583,2308,2275,4565,2291,2274,-18,-17,-1
4611079000,2023-03-31,전라남도,목포시,옥암동,11131,5324,5807,11121,5314,5807,-10,-10,0
4611080000,2023-03-31,전라남도,목포시,부흥동,8286,4010,4276,8299,4018,4281,13,8,5
4611081000,2023-03-31,전라남도,목포시,부주동,22837,11442,11395,22764,11399,11365,-73,-43,-30
4613025000,2023-03-31,전라남도,여수시,돌산읍,2499,1277,1222,2501,1280,1221,2,3,-1
4613025100,2023-03-31,전라남도,여수시,돌산읍우두출장소,8335,4356,3979,8349,4359,3990,14,3,11
4613025200,2023-03-31,전라남도,여수시,돌산읍죽포출장소,1857,901,956,1868,910,958,11,9,2
4613031000,2023-03-31,전라남도,여수시,소라면,22073,11253,10820,22046,11237,10809,-27,-16,-11
4613032000,2023-03-31,전라남도,여수시,율촌면,5985,3089,2896,5975,3081,2894,-10,-8,-2
4613033000,2023-03-31,전라남도,여수시,화양면,6297,3240,3057,6293,3238,3055,-4,-2,-2
4613034000,2023-03-31,전라남도,여수시,남면,2696,1375,1321,2711,1383,1328,15,8,7
4613035000,2023-03-31,전라남도,여수시,화정면,1324,666,658,1322,667,655,-2,1,-3
4613035600,2023-03-31,전라남도,여수시,화정면개도출장소,772,387,385,769,388,381,-3,1,-4
4613036000,2023-03-31,전라남도,여수시,삼산면,2025,1143,882,2024,1142,882,-1,-1,0
4613051500,2023-03-31,전라남도,여수시,동문동,4357,2197,2160,4359,2196,2163,2,-1,3
4613053500,2023-03-31,전라남도,여수시,한려동,2858,1426,1432,2844,1420,1424,-14,-6,-8
4613057000,2023-03-31,전라남도,여수시,중앙동,4054,2025,2029,4049,2024,2025,-5,-1,-4
4613060000,2023-03-31,전라남도,여수시,충무동,3611,1846,1765,3604,1845,1759,-7,-1,-6
4613062500,2023-03-31,전라남도,여수시,광림동,5736,2993,2743,5699,2979,2720,-37,-14,-23
4613063500,2023-03-31,전라남도,여수시,서강동,3378,1674,1704,3340,1653,1687,-38,-21,-17
4613065500,2023-03-31,전라남도,여수시,대교동,4963,2494,2469,4935,2482,2453,-28,-12,-16
4613067000,2023-03-31,전라남도,여수시,국동,10669,5358,5311,10664,5352,5312,-5,-6,1
4613068500,2023-03-31,전라남도,여수시,월호동,7103,3532,3571,7151,3556,3595,48,24,24
4613070000,2023-03-31,전라남도,여수시,여서동,17034,8351,8683,16964,8296,8668,-70,-55,-15
4613071000,2023-03-31,전라남도,여수시,문수동,19819,9947,9872,19741,9913,9828,-78,-34,-44
4613073000,2023-03-31,전라남도,여수시,미평동,10983,5857,5126,10983,5886,5097,0,29,-29
4613074000,2023-03-31,전라남도,여수시,둔덕동,9765,4924,4841,9765,4920,4845,0,-4,4
4613076500,2023-03-31,전라남도,여수시,만덕동,10217,5132,5085,10202,5131,5071,-15,-1,-14
4613078000,2023-03-31,전라남도,여수시,쌍봉동,32008,16324,15684,32014,16312,15702,6,-12,18
4613079000,2023-03-31,전라남도,여수시,시전동,42362,21227,21135,42399,21229,21170,37,2,35
4613080000,2023-03-31,전라남도,여수시,여천동,20189,10704,9485,20160,10701,9459,-29,-3,-26
4613081000,2023-03-31,전라남도,여수시,주삼동,7874,4037,3837,7878,4048,3830,4,11,-7
4613082000,2023-03-31,전라남도,여수시,삼일동,2171,1192,979,2170,1194,976,-1,2,-3
4613083000,2023-03-31,전라남도,여수시,묘도동,1151,602,549,1138,595,543,-13,-7,-6
4615025000,2023-03-31,전라남도,순천시,승주읍,2573,1282,1291,2560,1273,1287,-13,-9,-4
4615031000,2023-03-31,전라남도,순천시,해룡면,4312,2221,2091,4309,2228,2081,-3,7,-10
4615031500,2023-03-31,전라남도,순천시,해룡면상삼출장소,19627,9720,9907,19338,9581,9757,-289,-139,-150
4615031600,2023-03-31,전라남도,순천시,해룡면신대출장소,33157,16866,16291,32948,16751,16197,-209,-115,-94
4615032000,2023-03-31,전라남도,순천시,서면,15132,7644,7488,15314,7756,7558,182,112,70
4615033000,2023-03-31,전라남도,순천시,황전면,2824,1434,1390,2815,1433,1382,-9,-1,-8
4615034000,2023-03-31,전라남도,순천시,월등면,1717,825,892,1722,831,891,5,6,-1
4615035000,2023-03-31,전라남도,순천시,주암면,2994,1512,1482,2990,1512,1478,-4,0,-4
4615036000,2023-03-31,전라남도,순천시,송광면,1444,758,686,1440,761,679,-4,3,-7
4615037000,2023-03-31,전라남도,순천시,외서면,806,399,407,802,400,402,-4,1,-5
4615038000,2023-03-31,전라남도,순천시,낙안면,3055,1483,1572,3039,1474,1565,-16,-9,-7
4615039000,2023-03-31,전라남도,순천시,별량면,5374,2682,2692,5374,2683,2691,0,1,-1
4615040000,2023-03-31,전라남도,순천시,상사면,2841,1449,1392,2817,1437,1380,-24,-12,-12
4615051500,2023-03-31,전라남도,순천시,향동,3399,1658,1741,3375,1646,1729,-24,-12,-12
4615054000,2023-03-31,전라남도,순천시,매곡동,6581,3241,3340,6582,3249,3333,1,8,-7
4615055000,2023-03-31,전라남도,순천시,삼산동,25023,12274,12749,26001,12786,13215,978,512,466
4615056000,2023-03-31,전라남도,순천시,조곡동,5893,2952,2941,6618,3305,3313,725,353,372
4615057000,2023-03-31,전라남도,순천시,덕연동,42485,21142,21343,42100,20928,21172,-385,-214,-171
4615058000,2023-03-31,전라남도,순천시,풍덕동,7395,3671,3724,7370,3663,3707,-25,-8,-17
4615059000,2023-03-31,전라남도,순천시,남제동,8254,4173,4081,8204,4161,4043,-50,-12,-38
4615060000,2023-03-31,전라남도,순천시,저전동,2686,1318,1368,2672,1314,1358,-14,-4,-10
4615061000,2023-03-31,전라남도,순천시,장천동,2056,1101,955,2046,1092,954,-10,-9,-1
4615062000,2023-03-31,전라남도,순천시,중앙동,2834,1439,1395,2796,1424,1372,-38,-15,-23
4615063500,2023-03-31,전라남도,순천시,도사동,17919,9011,8908,17741,8907,8834,-178,-104,-74
4615066100,2023-03-31,전라남도,순천시,왕조1동,39826,19704,20122,39531,19546,19985,-295,-158,-137
4615066500,2023-03-31,전라남도,순천시,왕조2동,18371,9031,9340,18145,8919,9226,-226,-112,-114
4617025000,2023-03-31,전라남도,나주시,남평읍,11819,5898,5921,11758,5876,5882,-61,-22,-39
4617031000,2023-03-31,전라남도,나주시,세지면,2514,1293,1221,2467,1271,1196,-47,-22,-25
4617032000,2023-03-31,전라남도,나주시,왕곡면,2770,1452,1318,2770,1459,1311,0,7,-7
4617033000,2023-03-31,전라남도,나주시,반남면,1361,676,685,1358,674,684,-3,-2,-1
4617034000,2023-03-31,전라남도,나주시,공산면,2207,1138,1069,2213,1141,1072,6,3,3
4617035000,2023-03-31,전라남도,나주시,동강면,2323,1159,1164,2334,1164,1170,11,5,6
4617036000,2023-03-31,전라남도,나주시,다시면,3432,1727,1705,3423,1720,1703,-9,-7,-2
4617037000,2023-03-31,전라남도,나주시,문평면,1844,924,920,1853,929,924,9,5,4
4617038000,2023-03-31,전라남도,나주시,노안면,4383,2278,2105,4367,2266,2101,-16,-12,-4
4617039000,2023-03-31,전라남도,나주시,금천면,5921,3084,2837,6137,3202,2935,216,118,98
4617040000,2023-03-31,전라남도,나주시,산포면,3202,1672,1530,3203,1675,1528,1,3,-2
4617042000,2023-03-31,전라남도,나주시,다도면,1788,924,864,1779,916,863,-9,-8,-1
4617043000,2023-03-31,전라남도,나주시,봉황면,4012,2109,1903,4002,2111,1891,-10,2,-12
4617051000,2023-03-31,전라남도,나주시,송월동,7854,3940,3914,7854,3936,3918,0,-4,4
4617052000,2023-03-31,전라남도,나주시,영강동,2654,1323,1331,2656,1324,1332,2,1,1
4617054000,2023-03-31,전라남도,나주시,금남동,4639,2334,2305,4638,2337,2301,-1,3,-4
4617055000,2023-03-31,전라남도,나주시,성북동,8513,4281,4232,8513,4270,4243,0,-11,11
4617058000,2023-03-31,전라남도,나주시,영산동,2990,1507,1483,2978,1501,1477,-12,-6,-6
4617060000,2023-03-31,전라남도,나주시,이창동,3345,1804,1541,3320,1786,1534,-25,-18,-7
4617062000,2023-03-31,전라남도,나주시,빛가람동,39198,19410,19788,39219,19428,19791,21,18,3
4623025000,2023-03-31,전라남도,광양시,광양읍,47796,24523,23273,47646,24458,23188,-150,-65,-85
4623031000,2023-03-31,전라남도,광양시,봉강면,2101,1087,1014,2095,1080,1015,-6,-7,1
4623032000,2023-03-31,전라남도,광양시,옥룡면,3024,1511,1513,2999,1495,1504,-25,-16,-9
4623033000,2023-03-31,전라남도,광양시,옥곡면,4929,2513,2416,4915,2497,2418,-14,-16,2
4623034000,2023-03-31,전라남도,광양시,진상면,2644,1349,1295,2644,1347,1297,0,-2,2
4623035000,2023-03-31,전라남도,광양시,진월면,2684,1338,1346,2671,1331,1340,-13,-7,-6
4623036000,2023-03-31,전라남도,광양시,다압면,1706,866,840,1708,863,845,2,-3,5
4623051500,2023-03-31,전라남도,광양시,골약동,6340,3327,3013,6404,3359,3045,64,32,32
4623053000,2023-03-31,전라남도,광양시,중마동,57186,30197,26989,57522,30350,27172,336,153,183
4623054000,2023-03-31,전라남도,광양시,광영동,11233,5936,5297,11146,5897,5249,-87,-39,-48
4623055000,2023-03-31,전라남도,광양시,금호동,10856,5975,4881,10685,5894,4791,-171,-81,-90
4623057000,2023-03-31,전라남도,광양시,태인동,1645,921,724,1635,916,719,-10,-5,-5
4671025000,2023-03-31,전라남도,담양군,담양읍,15234,7612,7622,15226,7614,7612,-8,2,-10
4671031000,2023-03-31,전라남도,담양군,봉산면,2672,1382,1290,2655,1374,1281,-17,-8,-9
4671032000,2023-03-31,전라남도,담양군,고서면,3049,1542,1507,3044,1534,1510,-5,-8,3
4671033500,2023-03-31,전라남도,담양군,가사문학면,1197,594,603,1204,597,607,7,3,4
4671034000,2023-03-31,전라남도,담양군,창평면,3576,1804,1772,3619,1823,1796,43,19,24
4671035000,2023-03-31,전라남도,담양군,대덕면,1858,949,909,1857,954,903,-1,5,-6
4671036000,2023-03-31,전라남도,담양군,무정면,2493,1334,1159,2480,1324,1156,-13,-10,-3
4671037000,2023-03-31,전라남도,담양군,금성면,2484,1265,1219,2492,1268,1224,8,3,5
4671038000,2023-03-31,전라남도,담양군,용면,1774,887,887,1770,882,888,-4,-5,1
4671039000,2023-03-31,전라남도,담양군,월산면,2362,1217,1145,2353,1213,1140,-9,-4,-5
4671040000,2023-03-31,전라남도,담양군,수북면,4710,2404,2306,4726,2416,2310,16,12,4
4671041000,2023-03-31,전라남도,담양군,대전면,4218,2086,2132,4229,2089,2140,11,3,8
4672025000,2023-03-31,전라남도,곡성군,곡성읍,7606,3687,3919,7608,3693,3915,2,6,-4
4672031000,2023-03-31,전라남도,곡성군,오곡면,1810,885,925,1809,887,922,-1,2,-3
4672032000,2023-03-31,전라남도,곡성군,삼기면,1639,810,829,1647,810,837,8,0,8
4672033000,2023-03-31,전라남도,곡성군,석곡면,2220,1048,1172,2219,1051,1168,-1,3,-4
4672034000,2023-03-31,전라남도,곡성군,목사동면,1330,678,652,1335,682,653,5,4,1
4672035000,2023-03-31,전라남도,곡성군,죽곡면,1852,909,943,1853,911,942,1,2,-1
4672036000,2023-03-31,전라남도,곡성군,고달면,1130,566,564,1134,573,561,4,7,-3
4672037000,2023-03-31,전라남도,곡성군,옥과면,4029,2043,1986,4017,2034,1983,-12,-9,-3
4672038000,2023-03-31,전라남도,곡성군,입면,2333,1195,1138,2322,1192,1130,-11,-3,-8
4672039000,2023-03-31,전라남도,곡성군,겸면,1627,796,831,1632,797,835,5,1,4
4672040000,2023-03-31,전라남도,곡성군,오산면,1426,741,685,1431,743,688,5,2,3
4673025000,2023-03-31,전라남도,구례군,구례읍,10467,5103,5364,10433,5083,5350,-34,-20,-14
4673031000,2023-03-31,전라남도,구례군,문척면,1276,649,627,1270,646,624,-6,-3,-3
4673032000,2023-03-31,전라남도,구례군,간전면,1416,706,710,1426,712,714,10,6,4
4673033000,2023-03-31,전라남도,구례군,토지면,2454,1208,1246,2439,1194,1245,-15,-14,-1
4673034000,2023-03-31,전라남도,구례군,마산면,2517,1230,1287,2510,1220,1290,-7,-10,3
4673035000,2023-03-31,전라남도,구례군,광의면,2183,1038,1145,2177,1034,1143,-6,-4,-2
4673036000,2023-03-31,전라남도,구례군,용방면,1383,661,722,1374,658,716,-9,-3,-6
4673037000,2023-03-31,전라남도,구례군,산동면,2891,1413,1478,2887,1410,1477,-4,-3,-1
4677025000,2023-03-31,전라남도,고흥군,고흥읍,12506,6108,6398,12466,6071,6395,-40,-37,-3
4677025300,2023-03-31,전라남도,고흥군,도양읍,9444,4620,4824,9443,4624,4819,-1,4,-5
4677025400,2023-03-31,전라남도,고흥군,도양읍소록출장소,562,284,278,564,285,279,2,1,1
4677025500,2023-03-31,전라남도,고흥군,도양읍시산출장소,205,104,101,204,103,101,-1,-1,0
4677031000,2023-03-31,전라남도,고흥군,풍양면,3008,1505,1503,3002,1497,1505,-6,-8,2
4677032000,2023-03-31,전라남도,고흥군,도덕면,2818,1377,1441,2816,1377,1439,-2,0,-2
4677033000,2023-03-31,전라남도,고흥군,금산면,4182,2043,2139,4182,2043,2139,0,0,0
4677034000,2023-03-31,전라남도,고흥군,도화면,3685,1803,1882,3695,1809,1886,10,6,4
4677035000,2023-03-31,전라남도,고흥군,포두면,4729,2281,2448,4720,2276,2444,-9,-5,-4
4677036000,2023-03-31,전라남도,고흥군,봉래면,1829,906,923,1835,911,924,6,5,1
4677037000,2023-03-31,전라남도,고흥군,점암면,2611,1248,1363,2617,1253,1364,6,5,1
4677038000,2023-03-31,전라남도,고흥군,과역면,3179,1528,1651,3165,1522,1643,-14,-6,-8
4677039000,2023-03-31,전라남도,고흥군,남양면,2198,1038,1160,2199,1040,1159,1,2,-1
4677040000,2023-03-31,전라남도,고흥군,동강면,3011,1484,1527,3001,1482,1519,-10,-2,-8
4677041000,2023-03-31,전라남도,고흥군,대서면,2170,1066,1104,2163,1057,1106,-7,-9,2
4677042000,2023-03-31,전라남도,고흥군,두원면,2916,1391,1525,2921,1392,1529,5,1,4
4677044000,2023-03-31,전라남도,고흥군,영남면,1232,591,641,1232,592,640,0,1,-1
4677045000,2023-03-31,전라남도,고흥군,동일면,1390,702,688,1390,706,684,0,4,-4
4678025000,2023-03-31,전라남도,보성군,보성읍,8633,4239,4394,8605,4228,4377,-28,-11,-17
4678025300,2023-03-31,전라남도,보성군,벌교읍,11177,5460,5717,11168,5463,5705,-9,3,-12
4678031000,2023-03-31,전라남도,보성군,노동면,1069,521,548,1071,529,542,2,8,-6
4678032000,2023-03-31,전라남도,보성군,미력면,1380,687,693,1366,676,690,-14,-11,-3
4678033000,2023-03-31,전라남도,보성군,겸백면,1111,543,568,1118,546,572,7,3,4
4678034000,2023-03-31,전라남도,보성군,율어면,1143,571,572,1140,570,570,-3,-1,-2
4678035000,2023-03-31,전라남도,보성군,복내면,1578,747,831,1576,749,827,-2,2,-4
4678036000,2023-03-31,전라남도,보성군,문덕면,918,474,444,925,476,449,7,2,5
4678037000,2023-03-31,전라남도,보성군,조성면,3529,1693,1836,3514,1684,1830,-15,-9,-6
4678038000,2023-03-31,전라남도,보성군,득량면,2646,1300,1346,2620,1293,1327,-26,-7,-19
4678038500,2023-03-31,전라남도,보성군,득량면예당출장소,1165,560,605,1157,560,597,-8,0,-8
4678039000,2023-03-31,전라남도,보성군,회천면,2962,1473,1489,2945,1462,1483,-17,-11,-6
4678040000,2023-03-31,전라남도,보성군,웅치면,1051,524,527,1052,524,528,1,0,1
4679025000,2023-03-31,전라남도,화순군,화순읍,39411,19285,20126,39384,19271,20113,-27,-14,-13
4679031000,2023-03-31,전라남도,화순군,한천면,910,471,439,908,474,434,-2,3,-5
4679031500,2023-03-31,전라남도,화순군,한천면영외출장소,413,193,220,408,190,218,-5,-3,-2
4679032000,2023-03-31,전라남도,화순군,춘양면,1740,890,850,1741,889,852,1,-1,2
4679033000,2023-03-31,전라남도,화순군,청풍면,1027,500,527,1024,499,525,-3,-1,-2
4679034000,2023-03-31,전라남도,화순군,이양면,1785,882,903,1780,877,903,-5,-5,0
4679035000,2023-03-31,전라남도,화순군,능주면,3044,1509,1535,3051,1512,1539,7,3,4
4679036000,2023-03-31,전라남도,화순군,도곡면,2810,1413,1397,2812,1420,1392,2,7,-5
4679037000,2023-03-31,전라남도,화순군,도암면,1410,734,676,1407,733,674,-3,-1,-2
4679038000,2023-03-31,전라남도,화순군,이서면,933,477,456,925,474,451,-8,-3,-5
4679039500,2023-03-31,전라남도,화순군,백아면,1561,783,778,1554,780,774,-7,-3,-4
4679040000,2023-03-31,전라남도,화순군,동복면,1568,751,817,1554,742,812,-14,-9,-5
4679041500,2023-03-31,전라남도,화순군,사평면,2098,1078,1020,2078,1068,1010,-20,-10,-10
4679042000,2023-03-31,전라남도,화순군,동면,3182,1625,1557,3175,1621,1554,-7,-4,-3
4680025000,2023-03-31,전라남도,장흥군,장흥읍,14517,7104,7413,14509,7099,7410,-8,-5,-3
4680025300,2023-03-31,전라남도,장흥군,관산읍,4691,2281,2410,4674,2272,2402,-17,-9,-8
4680025600,2023-03-31,전라남도,장흥군,대덕읍,3179,1531,1648,3182,1524,1658,3,-7,10
4680031000,2023-03-31,전라남도,장흥군,용산면,2235,1080,1155,2231,1075,1156,-4,-5,1
4680032000,2023-03-31,전라남도,장흥군,안양면,2689,1324,1365,2699,1333,1366,10,9,1
4680033000,2023-03-31,전라남도,장흥군,장동면,1183,562,621,1186,564,622,3,2,1
4680034000,2023-03-31,전라남도,장흥군,장평면,2025,982,1043,2010,973,1037,-15,-9,-6
4680035000,2023-03-31,전라남도,장흥군,유치면,986,499,487,978,496,482,-8,-3,-5
4680036000,2023-03-31,전라남도,장흥군,부산면,1365,670,695,1371,672,699,6,2,4
4680037000,2023-03-31,전라남도,장흥군,회진면,2636,1293,1343,2630,1295,1335,-6,2,-8
4681025000,2023-03-31,전라남도,강진군,강진읍,13036,6224,6812,13033,6221,6812,-3,-3,0
4681031000,2023-03-31,전라남도,강진군,군동면,4356,2138,2218,4361,2138,2223,5,0,5
4681032000,2023-03-31,전라남도,강진군,칠량면,2159,1065,1094,2165,1070,1095,6,5,1
4681033000,2023-03-31,전라남도,강진군,대구면,1094,532,562,1094,527,567,0,-5,5
4681034000,2023-03-31,전라남도,강진군,도암면,2385,1158,1227,2371,1150,1221,-14,-8,-6
4681035000,2023-03-31,전라남도,강진군,신전면,1687,826,861,1684,823,861,-3,-3,0
4681036000,2023-03-31,전라남도,강진군,성전면,2670,1318,1352,2667,1320,1347,-3,2,-5
4681037000,2023-03-31,전라남도,강진군,작천면,1795,890,905,1794,887,907,-1,-3,2
4681038000,2023-03-31,전라남도,강진군,병영면,1557,740,817,1544,734,810,-13,-6,-7
4681039000,2023-03-31,전라남도,강진군,옴천면,604,305,299,605,309,296,1,4,-3
4681040000,2023-03-31,전라남도,강진군,마량면,1703,847,856,1697,846,851,-6,-1,-5
4682025000,2023-03-31,전라남도,해남군,해남읍,24209,11921,12288,24115,11885,12230,-94,-36,-58
4682031000,2023-03-31,전라남도,해남군,삼산면,2825,1413,1412,2821,1412,1409,-4,-1,-3
4682032000,2023-03-31,전라남도,해남군,화산면,3020,1518,1502,3027,1523,1504,7,5,2
4682033000,2023-03-31,전라남도,해남군,현산면,2689,1341,1348,2681,1335,1346,-8,-6,-2
4682034000,2023-03-31,전라남도,해남군,송지면,5797,2866,2931,5783,2866,2917,-14,0,-14
4682035000,2023-03-31,전라남도,해남군,북평면,2646,1291,1355,2642,1289,1353,-4,-2,-2
4682036000,2023-03-31,전라남도,해남군,북일면,1993,965,1028,1998,968,1030,5,3,2
4682037000,2023-03-31,전라남도,해남군,옥천면,2849,1446,1403,2859,1447,1412,10,1,9
4682038000,2023-03-31,전라남도,해남군,계곡면,2062,981,1081,2072,987,1085,10,6,4
4682039000,2023-03-31,전라남도,해남군,마산면,2311,1170,1141,2310,1174,1136,-1,4,-5
4682040000,2023-03-31,전라남도,해남군,황산면,4468,2222,2246,4443,2216,2227,-25,-6,-19
4682041000,2023-03-31,전라남도,해남군,산이면,3551,1835,1716,3550,1837,1713,-1,2,-3
4682042000,2023-03-31,전라남도,해남군,문내면,3821,1927,1894,3829,1936,1893,8,9,-1
4682043000,2023-03-31,전라남도,해남군,화원면,3381,1784,1597,3355,1770,1585,-26,-14,-12
4683025000,2023-03-31,전라남도,영암군,영암읍,7826,3875,3951,7800,3859,3941,-26,-16,-10
4683025300,2023-03-31,전라남도,영암군,삼호읍,15160,8148,7012,15297,8205,7092,137,57,80
4683025400,2023-03-31,전라남도,영암군,삼호읍서부출장소,6467,3824,2643,6497,3849,2648,30,25,5
4683031000,2023-03-31,전라남도,영암군,덕진면,1760,888,872,1762,889,873,2,1,1
4683032000,2023-03-31,전라남도,영암군,금정면,2042,1036,1006,2053,1044,1009,11,8,3
4683033000,2023-03-31,전라남도,영암군,신북면,3568,1789,1779,3561,1797,1764,-7,8,-15
4683034000,2023-03-31,전라남도,영암군,시종면,3321,1716,1605,3325,1709,1616,4,-7,11
4683035000,2023-03-31,전라남도,영암군,도포면,2170,1126,1044,2155,1125,1030,-15,-1,-14
4683036000,2023-03-31,전라남도,영암군,군서면,3145,1540,1605,3149,1541,1608,4,1,3
4683037000,2023-03-31,전라남도,영암군,서호면,1847,895,952,1848,900,948,1,5,-4
4683038000,2023-03-31,전라남도,영암군,학산면,2886,1403,1483,2886,1404,1482,0,1,-1
4683039000,2023-03-31,전라남도,영암군,미암면,2157,1091,1066,2158,1091,1067,1,0,1
4684025000,2023-03-31,전라남도,무안군,무안읍,10912,5439,5473,10918,5435,5483,6,-4,10
4684025300,2023-03-31,전라남도,무안군,일로읍,16369,8212,8157,16352,8191,8161,-17,-21,4
4684025600,2023-03-31,전라남도,무안군,삼향읍,5309,2815,2494,5291,2801,2490,-18,-14,-4
4684025800,2023-03-31,전라남도,무안군,삼향읍남악출장소,34890,17227,17663,34920,17234,17686,30,7,23
4684032000,2023-03-31,전라남도,무안군,몽탄면,2947,1474,1473,2951,1479,1472,4,5,-1
4684033000,2023-03-31,전라남도,무안군,청계면,6364,3293,3071,6374,3300,3074,10,7,3
4684034000,2023-03-31,전라남도,무안군,현경면,4432,2288,2144,4426,2283,2143,-6,-5,-1
4684035000,2023-03-31,전라남도,무안군,망운면,1853,958,895,1863,962,901,10,4,6
4684036000,2023-03-31,전라남도,무안군,해제면,4709,2403,2306,4715,2410,2305,6,7,-1
4684037000,2023-03-31,전라남도,무안군,운남면,2805,1430,1375,2799,1431,1368,-6,1,-7
4686025000,2023-03-31,전라남도,함평군,함평읍,8281,4079,4202,8286,4082,4204,5,3,2
4686031000,2023-03-31,전라남도,함평군,손불면,3238,1660,1578,3223,1659,1564,-15,-1,-14
4686032000,2023-03-31,전라남도,함평군,신광면,1749,876,873,1749,877,872,0,1,-1
4686033000,2023-03-31,전라남도,함평군,학교면,3571,1790,1781,3572,1791,1781,1,1,0
4686034000,2023-03-31,전라남도,함평군,엄다면,1863,911,952,1862,914,948,-1,3,-4
4686035000,2023-03-31,전라남도,함평군,대동면,3013,1566,1447,3005,1562,1443,-8,-4,-4
4686036000,2023-03-31,전라남도,함평군,나산면,2752,1368,1384,2766,1377,1389,14,9,5
4686037000,2023-03-31,전라남도,함평군,해보면,2691,1372,1319,2691,1369,1322,0,-3,3
4686038000,2023-03-31,전라남도,함평군,월야면,3612,1918,1694,3616,1920,1696,4,2,2
4687025000,2023-03-31,전라남도,영광군,영광읍,22229,10928,11301,22228,10927,11301,-1,-1,0
4687025300,2023-03-31,전라남도,영광군,백수읍,4497,2216,2281,4499,2219,2280,2,3,-1
4687025600,2023-03-31,전라남도,영광군,홍농읍,6629,3499,3130,6655,3510,3145,26,11,15
4687031000,2023-03-31,전라남도,영광군,대마면,1680,882,798,1684,889,795,4,7,-3
4687032000,2023-03-31,전라남도,영광군,묘량면,1724,863,861,1715,853,862,-9,-10,1
4687033000,2023-03-31,전라남도,영광군,불갑면,1373,704,669,1424,741,683,51,37,14
4687034000,2023-03-31,전라남도,영광군,군서면,2283,1171,1112,2282,1166,1116,-1,-5,4
4687035000,2023-03-31,전라남도,영광군,군남면,2262,1080,1182,2269,1084,1185,7,4,3
4687036000,2023-03-31,전라남도,영광군,염산면,3876,1910,1966,3873,1912,1961,-3,2,-5
4687037000,2023-03-31,전라남도,영광군,법성면,5029,2467,2562,5016,2460,2556,-13,-7,-6
4687038000,2023-03-31,전라남도,영광군,낙월면,410,255,155,414,254,160,4,-1,5
4687038500,2023-03-31,전라남도,영광군,낙월면안마출장소,200,123,77,199,122,77,-1,-1,0
4688025000,2023-03-31,전라남도,장성군,장성읍,13432,6663,6769,13415,6652,6763,-17,-11,-6
4688031000,2023-03-31,전라남도,장성군,진원면,3627,1865,1762,3610,1855,1755,-17,-10,-7
4688032000,2023-03-31,전라남도,장성군,남면,3709,2028,1681,3713,2029,1684,4,1,3
4688033000,2023-03-31,전라남도,장성군,동화면,1809,963,846,1807,958,849,-2,-5,3
4688034000,2023-03-31,전라남도,장성군,삼서면,3022,1627,1395,3028,1624,1404,6,-3,9
4688035000,2023-03-31,전라남도,장성군,삼계면,5717,3021,2696,5708,3019,2689,-9,-2,-7
4688036000,2023-03-31,전라남도,장성군,황룡면,3965,2023,1942,3978,2039,1939,13,16,-3
4688037000,2023-03-31,전라남도,장성군,서삼면,1469,776,693,1471,775,696,2,-1,3
4688038000,2023-03-31,전라남도,장성군,북일면,1358,682,676,1350,680,670,-8,-2,-6
4688039000,2023-03-31,전라남도,장성군,북이면,2740,1358,1382,2731,1355,1376,-9,-3,-6
4688040000,2023-03-31,전라남도,장성군,북하면,2135,1099,1036,2137,1100,1037,2,1,1
4689025000,2023-03-31,전라남도,완도군,완도읍,17551,8854,8697,17490,8818,8672,-61,-36,-25
4689025300,2023-03-31,전라남도,완도군,금일읍,3534,1791,1743,3523,1788,1735,-11,-3,-8
4689025600,2023-03-31,전라남도,완도군,노화읍,4172,2093,2079,4164,2096,2068,-8,3,-11
4689029000,2023-03-31,전라남도,완도군,노화읍넙도출장소,724,402,322,721,401,320,-3,-1,-2
4689031000,2023-03-31,전라남도,완도군,군외면,3072,1560,1512,3079,1558,1521,7,-2,9
4689032000,2023-03-31,전라남도,완도군,신지면,3235,1646,1589,3219,1638,1581,-16,-8,-8
4689033000,2023-03-31,전라남도,완도군,고금면,4073,2000,2073,4064,2001,2063,-9,1,-10
4689034000,2023-03-31,전라남도,완도군,약산면,2188,1120,1068,2190,1121,1069,2,1,1
4689035000,2023-03-31,전라남도,완도군,청산면,2043,1006,1037,2031,999,1032,-12,-7,-5
4689035500,2023-03-31,전라남도,완도군,청산면모도출장소,216,111,105,220,115,105,4,4,0
4689036000,2023-03-31,전라남도,완도군,소안면,2373,1176,1197,2368,1175,1193,-5,-1,-4
4689037000,2023-03-31,전라남도,완도군,금당면,923,459,464,927,462,465,4,3,1
4689038000,2023-03-31,전라남도,완도군,보길면,2563,1303,1260,2572,1308,1264,9,5,4
4689039000,2023-03-31,전라남도,완도군,생일면,771,414,357,766,413,353,-5,-1,-4
4690025000,2023-03-31,전라남도,진도군,진도읍,10517,5223,5294,10496,5207,5289,-21,-16,-5
4690031000,2023-03-31,전라남도,진도군,군내면,2928,1479,1449,2918,1476,1442,-10,-3,-7
4690032000,2023-03-31,전라남도,진도군,고군면,3486,1709,1777,3489,1706,1783,3,-3,6
4690033000,2023-03-31,전라남도,진도군,의신면,3379,1741,1638,3368,1728,1640,-11,-13,2
4690034000,2023-03-31,전라남도,진도군,임회면,3295,1623,1672,3287,1621,1666,-8,-2,-6
4690035000,2023-03-31,전라남도,진도군,지산면,2977,1443,1534,2971,1438,1533,-6,-5,-1
4690036000,2023-03-31,전라남도,진도군,조도면,2212,1140,1072,2208,1143,1065,-4,3,-7
4690036500,2023-03-31,전라남도,진도군,조도면가사출장소,249,133,116,252,135,117,3,2,1
4690036600,2023-03-31,전라남도,진도군,조도면거차출장소,374,191,183,374,192,182,0,1,-1
4691025000,2023-03-31,전라남도,신안군,지도읍,4256,2236,2020,4268,2251,2017,12,15,-3
4691025100,2023-03-31,전라남도,신안군,지도읍선도출장소,226,124,102,227,123,104,1,-1,2
4691025300,2023-03-31,전라남도,신안군,압해읍,5511,2999,2512,5493,2989,2504,-18,-10,-8
4691025400,2023-03-31,전라남도,신안군,압해읍매화출장소,239,118,121,241,118,123,2,0,2
4691025500,2023-03-31,전라남도,신안군,압해읍고이도출장소,218,126,92,217,125,92,-1,-1,0
4691031000,2023-03-31,전라남도,신안군,증도면,1426,779,647,1430,777,653,4,-2,6
4691031500,2023-03-31,전라남도,신안군,증도면병풍출장소,300,172,128,299,172,127,-1,0,-1
4691032000,2023-03-31,전라남도,신안군,임자면,3125,1654,1471,3152,1670,1482,27,16,11
4691033000,2023-03-31,전라남도,신안군,자은면,2242,1205,1037,2241,1206,1035,-1,1,-2
4691034000,2023-03-31,전라남도,신안군,비금면,3492,1868,1624,3482,1860,1622,-10,-8,-2
4691035000,2023-03-31,전라남도,신안군,도초면,2421,1252,1169,2429,1259,1170,8,7,1
4691035500,2023-03-31,전라남도,신안군,도초면우이도출장소,218,129,89,221,130,91,3,1,2
4691036000,2023-03-31,전라남도,신안군,흑산면,2135,1230,905,2129,1227,902,-6,-3,-3
4691036500,2023-03-31,전라남도,신안군,흑산면가거도출장소,418,276,142,409,270,139,-9,-6,-3
4691036600,2023-03-31,전라남도,신안군,흑산면태도출장소,193,112,81,192,112,80,-1,0,-1
4691036700,2023-03-31,전라남도,신안군,흑산면홍도출장소,439,244,195,438,245,193,-1,1,-2
4691036800,2023-03-31,전라남도,신안군,흑산면대둔도출장소,285,172,113,285,172,113,0,0,0
4691037000,2023-03-31,전라남도,신안군,하의면,1666,902,764,1655,898,757,-11,-4,-7
4691038000,2023-03-31,전라남도,신안군,신의면,1484,811,673,1485,815,670,1,4,-3
4691039000,2023-03-31,전라남도,신안군,장산면,1514,819,695,1498,812,686,-16,-7,-9
4691040000,2023-03-31,전라남도,신안군,안좌면,2836,1488,1348,2862,1494,1368,26,6,20
4691040500,2023-03-31,전라남도,신안군,안좌면자라출장소,297,158,139,310,166,144,13,8,5
4691041000,2023-03-31,전라남도,신안군,팔금면,931,465,466,936,471,465,5,6,-1
4691042000,2023-03-31,전라남도,신안군,암태면,1943,1009,934,1945,1012,933,2,3,-1
4711125000,2023-03-31,경상북도,포항시 남구,구룡포읍,7028,3545,3483,6997,3536,3461,-31,-9,-22
4711125300,2023-03-31,경상북도,포항시 남구,연일읍,29710,15090,14620,29660,15062,14598,-50,-28,-22
4711125600,2023-03-31,경상북도,포항시 남구,오천읍,55756,29902,25854,55698,29875,25823,-58,-27,-31
4711131000,2023-03-31,경상북도,포항시 남구,대송면,3307,1723,1584,3292,1712,1580,-15,-11,-4
4711132000,2023-03-31,경상북도,포항시 남구,동해면,9715,4896,4819,9688,4891,4797,-27,-5,-22
4711133000,2023-03-31,경상북도,포항시 남구,장기면,3947,1926,2021,3930,1926,2004,-17,0,-17
4711135000,2023-03-31,경상북도,포항시 남구,호미곶면,1773,861,912,1768,854,914,-5,-7,2
4711152500,2023-03-31,경상북도,포항시 남구,상대동,24394,12785,11609,24374,12770,11604,-20,-15,-5
4711154500,2023-03-31,경상북도,포항시 남구,해도동,16835,8645,8190,16783,8617,8166,-52,-28,-24
4711155000,2023-03-31,경상북도,포항시 남구,송도동,11910,5956,5954,11902,5951,5951,-8,-5,-3
4711156000,2023-03-31,경상북도,포항시 남구,청림동,4732,2564,2168,4737,2570,2167,5,6,-1
4711157000,2023-03-31,경상북도,포항시 남구,제철동,2760,1621,1139,2771,1630,1141,11,9,2
4711158000,2023-03-31,경상북도,포항시 남구,효곡동,30101,15346,14755,30040,15312,14728,-61,-34,-27
4711159000,2023-03-31,경상북도,포항시 남구,대이동,24988,12736,12252,24995,12733,12262,7,-3,10
4711325000,2023-03-31,경상북도,포항시 북구,흥해읍,40227,20126,20101,40128,20066,20062,-99,-60,-39
4711331000,2023-03-31,경상북도,포항시 북구,신광면,2880,1438,1442,2882,1436,1446,2,-2,4
4711332000,2023-03-31,경상북도,포항시 북구,청하면,4648,2290,2358,4640,2292,2348,-8,2,-10
4711333000,2023-03-31,경상북도,포항시 북구,송라면,2448,1170,1278,2447,1170,1277,-1,0,-1
4711334000,2023-03-31,경상북도,포항시 북구,기계면,4943,2417,2526,4942,2413,2529,-1,-4,3
4711335000,2023-03-31,경상북도,포항시 북구,죽장면,2114,1053,1061,2110,1052,1058,-4,-1,-3
4711335500,2023-03-31,경상북도,포항시 북구,죽장면상옥출장소,625,318,307,621,318,303,-4,0,-4
4711336000,2023-03-31,경상북도,포항시 북구,기북면,1310,652,658,1305,652,653,-5,0,-5
4711352000,2023-03-31,경상북도,포항시 북구,중앙동,14905,7352,7553,14873,7335,7538,-32,-17,-15
4711363000,2023-03-31,경상북도,포항시 북구,양학동,16221,8017,8204,16176,7989,8187,-45,-28,-17
4711365500,2023-03-31,경상북도,포항시 북구,죽도동,19734,9780,9954,19709,9770,9939,-25,-10,-15
4711366500,2023-03-31,경상북도,포항시 북구,용흥동,21540,10509,11031,21460,10482,10978,-80,-27,-53
4711368000,2023-03-31,경상북도,포항시 북구,우창동,33046,16126,16920,33029,16132,16897,-17,6,-23
4711369000,2023-03-31,경상북도,포항시 북구,두호동,22531,11085,11446,22507,11070,11437,-24,-15,-9
4711370000,2023-03-31,경상북도,포항시 북구,장량동,71821,36513,35308,71743,36459,35284,-78,-54,-24
4711371000,2023-03-31,경상북도,포항시 북구,환여동,9280,4567,4713,9245,4544,4701,-35,-23,-12
4713025000,2023-03-31,경상북도,경주시,감포읍,5334,2653,2681,5316,2650,2666,-18,-3,-15
4713025300,2023-03-31,경상북도,경주시,안강읍,23512,11635,11877,23499,11626,11873,-13,-9,-4
4713025600,2023-03-31,경상북도,경주시,건천읍,9121,4624,4497,9089,4606,4483,-32,-18,-14
4713025900,2023-03-31,경상북도,경주시,외동읍,22115,11685,10430,22078,11659,10419,-37,-26,-11
4713031500,2023-03-31,경상북도,경주시,문무대왕면,4079,2131,1948,4087,2137,1950,8,6,2
4713032000,2023-03-31,경상북도,경주시,양남면,6331,3349,2982,6336,3351,2985,5,2,3
4713033000,2023-03-31,경상북도,경주시,내남면,4560,2328,2232,4556,2320,2236,-4,-8,4
4713034000,2023-03-31,경상북도,경주시,산내면,3228,1603,1625,3236,1605,1631,8,2,6
4713035000,2023-03-31,경상북도,경주시,서면,3084,1564,1520,3068,1558,1510,-16,-6,-10
4713036000,2023-03-31,경상북도,경주시,현곡면,21547,10593,10954,21549,10585,10964,2,-8,10
4713037000,2023-03-31,경상북도,경주시,강동면,6014,3064,2950,6040,3083,2957,26,19,7
4713038000,2023-03-31,경상북도,경주시,천북면,5749,3019,2730,5763,3022,2741,14,3,11
4713051500,2023-03-31,경상북도,경주시,중부동,4890,2432,2458,4900,2432,2468,10,0,10
4713053000,2023-03-31,경상북도,경주시,황오동,6044,2898,3146,6014,2886,3128,-30,-12,-18
4713055000,2023-03-31,경상북도,경주시,성건동,13664,6804,6860,13755,6858,6897,91,54,37
4713057000,2023-03-31,경상북도,경주시,황남동,4231,2091,2140,4211,2075,2136,-20,-16,-4
4713059000,2023-03-31,경상북도,경주시,선도동,14601,7349,7252,14587,7351,7236,-14,2,-16
4713060500,2023-03-31,경상북도,경주시,월성동,5672,2782,2890,5661,2775,2886,-11,-7,-4
4713061500,2023-03-31,경상북도,경주시,용강동,23932,11736,12196,23891,11727,12164,-41,-9,-32
4713062100,2023-03-31,경상북도,경주시,황성동,27834,13602,14232,27793,13574,14219,-41,-28,-13
4713063000,2023-03-31,경상북도,경주시,동천동,21818,10898,10920,21814,10890,10924,-4,-8,4
4713065000,2023-03-31,경상북도,경주시,불국동,9853,4884,4969,9860,4890,4970,7,6,1
4713066000,2023-03-31,경상북도,경주시,보덕동,1680,833,847,1691,829,862,11,-4,15
4715025000,2023-03-31,경상북도,김천시,아포읍,7881,3961,3920,7856,3943,3913,-25,-18,-7
4715031000,2023-03-31,경상북도,김천시,농소면,3142,1641,1501,3147,1644,1503,5,3,2
4715032000,2023-03-31,경상북도,김천시,남면,3068,1586,1482,3055,1572,1483,-13,-14,1
4715034000,2023-03-31,경상북도,김천시,개령면,2359,1202,1157,2355,1196,1159,-4,-6,2
4715035000,2023-03-31,경상북도,김천시,감문면,3241,1616,1625,3238,1617,1621,-3,1,-4
4715036000,2023-03-31,경상북도,김천시,어모면,4060,2089,1971,4033,2073,1960,-27,-16,-11
4715037000,2023-03-31,경상북도,김천시,봉산면,2966,1540,1426,2967,1542,1425,1,2,-1
4715038000,2023-03-31,경상북도,김천시,대항면,3365,1703,1662,3370,1708,1662,5,5,0
4715039000,2023-03-31,경상북도,김천시,감천면,1883,965,918,1882,965,917,-1,0,-1
4715040000,2023-03-31,경상북도,김천시,조마면,2176,1096,1080,2199,1104,1095,23,8,15
4715041000,2023-03-31,경상북도,김천시,구성면,2697,1357,1340,2700,1358,1342,3,1,2
4715042000,2023-03-31,경상북도,김천시,지례면,1488,736,752,1496,744,752,8,8,0
4715043000,2023-03-31,경상북도,김천시,부항면,1233,616,617,1226,614,612,-7,-2,-5
4715044000,2023-03-31,경상북도,김천시,대덕면,2233,1112,1121,2257,1116,1141,24,4,20
4715045000,2023-03-31,경상북도,김천시,증산면,994,476,518,993,478,515,-1,2,-3
4715051600,2023-03-31,경상북도,김천시,자산동,6351,3231,3120,6320,3213,3107,-31,-18,-13
4715053600,2023-03-31,경상북도,김천시,평화남산동,7271,3551,3720,7249,3541,3708,-22,-10,-12
4715056500,2023-03-31,경상북도,김천시,양금동,3694,1795,1899,3703,1804,1899,9,9,0
4715057500,2023-03-31,경상북도,김천시,대신동,24729,12215,12514,24838,12266,12572,109,51,58
4715059500,2023-03-31,경상북도,김천시,대곡동,19959,10070,9889,19931,10051,9880,-28,-19,-9
4715061000,2023-03-31,경상북도,김천시,지좌동,10849,5523,5326,10860,5543,5317,11,20,-9
4715064000,2023-03-31,경상북도,김천시,율곡동,23341,11690,11651,23342,11713,11629,1,23,-22
4717025000,2023-03-31,경상북도,안동시,풍산읍,6251,3173,3078,6230,3165,3065,-21,-8,-13
4717031000,2023-03-31,경상북도,안동시,와룡면,3912,2029,1883,3918,2031,1887,6,2,4
4717032000,2023-03-31,경상북도,안동시,북후면,2848,1489,1359,2835,1480,1355,-13,-9,-4
4717033000,2023-03-31,경상북도,안동시,서후면,3480,1831,1649,3482,1836,1646,2,5,-3
4717034000,2023-03-31,경상북도,안동시,풍천면,7178,3664,3514,7170,3651,3519,-8,-13,5
4717035000,2023-03-31,경상북도,안동시,일직면,2587,1246,1341,2584,1245,1339,-3,-1,-2
4717036000,2023-03-31,경상북도,안동시,남후면,1660,835,825,1652,831,821,-8,-4,-4
4717037000,2023-03-31,경상북도,안동시,남선면,2030,1051,979,2030,1048,982,0,-3,3
4717038000,2023-03-31,경상북도,안동시,임하면,2710,1431,1279,2701,1428,1273,-9,-3,-6
4717039000,2023-03-31,경상북도,안동시,길안면,2644,1346,1298,2645,1343,1302,1,-3,4
4717040000,2023-03-31,경상북도,안동시,임동면,1664,868,796,1676,873,803,12,5,7
4717041000,2023-03-31,경상북도,안동시,예안면,1746,899,847,1755,906,849,9,7,2
4717042000,2023-03-31,경상북도,안동시,도산면,1496,787,709,1497,786,711,1,-1,2
4717043000,2023-03-31,경상북도,안동시,녹전면,1673,858,815,1668,858,810,-5,0,-5
4717051000,2023-03-31,경상북도,안동시,중구동,4936,2411,2525,4947,2427,2520,11,16,-5
4717052000,2023-03-31,경상북도,안동시,명륜동,4845,2343,2502,4854,2342,2512,9,-1,10
4717055500,2023-03-31,경상북도,안동시,용상동,21799,10851,10948,21804,10847,10957,5,-4,9
4717058500,2023-03-31,경상북도,안동시,서구동,8615,4126,4489,8601,4116,4485,-14,-10,-4
4717060000,2023-03-31,경상북도,안동시,태화동,12607,6244,6363,12548,6205,6343,-59,-39,-20
4717062000,2023-03-31,경상북도,안동시,평화동,6082,2916,3166,6051,2899,3152,-31,-17,-14
4717063000,2023-03-31,경상북도,안동시,안기동,6078,3011,3067,6067,3002,3065,-11,-9,-2
4717065000,2023-03-31,경상북도,안동시,옥동,20942,9895,11047,20903,9880,11023,-39,-15,-24
4717066000,2023-03-31,경상북도,안동시,송하동,15785,7686,8099,15804,7699,8105,19,13,6
4717069000,2023-03-31,경상북도,안동시,강남동,10570,5188,5382,10571,5198,5373,1,10,-9
4719025000,2023-03-31,경상북도,구미시,선산읍,14240,7040,7200,14203,7022,7181,-37,-18,-19
4719025300,2023-03-31,경상북도,구미시,고아읍,38301,19290,19011,38153,19201,18952,-148,-89,-59
4719025600,2023-03-31,경상북도,구미시,산동읍,27190,14186,13004,27192,14187,13005,2,1,1
4719031000,2023-03-31,경상북도,구미시,무을면,1810,908,902,1821,915,906,11,7,4
4719032000,2023-03-31,경상북도,구미시,옥성면,1667,856,811,1682,865,817,15,9,6
4719033000,2023-03-31,경상북도,구미시,도개면,2137,1103,1034,2128,1097,1031,-9,-6,-3
4719034000,2023-03-31,경상북도,구미시,해평면,3890,2065,1825,3886,2061,1825,-4,-4,0
4719036000,2023-03-31,경상북도,구미시,장천면,2905,1500,1405,2900,1496,1404,-5,-4,-1
4719051000,2023-03-31,경상북도,구미시,송정동,23412,11531,11881,23387,11498,11889,-25,-33,8
4719053500,2023-03-31,경상북도,구미시,원평동,5954,3253,2701,5921,3243,2678,-33,-10,-23
4719055100,2023-03-31,경상북도,구미시,도량동,28241,13709,14532,28234,13709,14525,-7,0,-7
4719055500,2023-03-31,경상북도,구미시,지산동,2018,1042,976,2008,1036,972,-10,-6,-4
4719056500,2023-03-31,경상북도,구미시,선주원남동,38457,19496,18961,38355,19446,18909,-102,-50,-52
4719058200,2023-03-31,경상북도,구미시,형곡1동,13673,6729,6944,13585,6681,6904,-88,-48,-40
4719058300,2023-03-31,경상북도,구미시,형곡2동,16312,8116,8196,16267,8093,8174,-45,-23,-22
4719059000,2023-03-31,경상북도,구미시,신평1동,3960,2213,1747,4110,2298,1812,150,85,65
4719060000,2023-03-31,경상북도,구미시,신평2동,3017,1623,1394,3019,1620,1399,2,-3,5
4719061000,2023-03-31,경상북도,구미시,비산동,12907,6733,6174,12916,6747,6169,9,14,-5
4719063000,2023-03-31,경상북도,구미시,광평동,4257,2315,1942,4235,2308,1927,-22,-7,-15
4719064500,2023-03-31,경상북도,구미시,상모사곡동,30406,15923,14483,30372,15904,14468,-34,-19,-15
4719066000,2023-03-31,경상북도,구미시,임오동,18361,9585,8776,18292,9554,8738,-69,-31,-38
4719067000,2023-03-31,경상북도,구미시,인동동,47417,24760,22657,47372,24749,22623,-45,-11,-34
4719068000,2023-03-31,경상북도,구미시,진미동,16949,9424,7525,16965,9447,7518,16,23,-7
4719069000,2023-03-31,경상북도,구미시,양포동,45650,23974,21676,45786,24106,21680,136,132,4
4719070000,2023-03-31,경상북도,구미시,공단동,4256,2355,1901,4255,2359,1896,-1,4,-5
4721025000,2023-03-31,경상북도,영주시,풍기읍,10245,5105,5140,10482,5248,5234,237,143,94
4721031000,2023-03-31,경상북도,영주시,이산면,2233,1159,1074,2240,1158,1082,7,-1,8
4721032000,2023-03-31,경상북도,영주시,평은면,1428,725,703,1426,728,698,-2,3,-5
4721033000,2023-03-31,경상북도,영주시,문수면,1938,1002,936,1934,1000,934,-4,-2,-2
4721034000,2023-03-31,경상북도,영주시,장수면,2103,1074,1029,2103,1074,1029,0,0,0
4721035000,2023-03-31,경상북도,영주시,안정면,2878,1430,1448,2862,1427,1435,-16,-3,-13
4721036000,2023-03-31,경상북도,영주시,봉현면,2607,1330,1277,2605,1326,1279,-2,-4,2
4721037000,2023-03-31,경상북도,영주시,순흥면,1945,982,963,1935,982,953,-10,0,-10
4721038000,2023-03-31,경상북도,영주시,단산면,1795,876,919,1804,882,922,9,6,3
4721039000,2023-03-31,경상북도,영주시,부석면,2902,1448,1454,2898,1447,1451,-4,-1,-3
4721051000,2023-03-31,경상북도,영주시,상망동,7265,3615,3650,7251,3601,3650,-14,-14,0
4721052500,2023-03-31,경상북도,영주시,하망동,5802,2740,3062,5813,2758,3055,11,18,-7
4721055000,2023-03-31,경상북도,영주시,영주1동,3752,1837,1915,3732,1829,1903,-20,-8,-12
4721056000,2023-03-31,경상북도,영주시,영주2동,4714,2265,2449,4686,2252,2434,-28,-13,-15
4721059000,2023-03-31,경상북도,영주시,휴천1동,6350,3144,3206,6301,3122,3179,-49,-22,-27
4721060000,2023-03-31,경상북도,영주시,휴천2동,9542,4728,4814,9745,4821,4924,203,93,110
4721061000,2023-03-31,경상북도,영주시,휴천3동,7390,3610,3780,7375,3599,3776,-15,-11,-4
4721062000,2023-03-31,경상북도,영주시,가흥1동,15410,7725,7685,15415,7727,7688,5,2,3
4721063000,2023-03-31,경상북도,영주시,가흥2동,10200,4998,5202,10240,5021,5219,40,23,17
4723025000,2023-03-31,경상북도,영천시,금호읍,10558,5559,4999,10537,5549,4988,-21,-10,-11
4723031000,2023-03-31,경상북도,영천시,청통면,3988,2090,1898,3988,2092,1896,0,2,-2
4723032000,2023-03-31,경상북도,영천시,신녕면,3692,1824,1868,3687,1818,1869,-5,-6,1
4723033000,2023-03-31,경상북도,영천시,화산면,3091,1610,1481,3117,1617,1500,26,7,19
4723034000,2023-03-31,경상북도,영천시,화북면,2161,1069,1092,2168,1071,1097,7,2,5
4723035000,2023-03-31,경상북도,영천시,화남면,3215,1702,1513,3219,1707,1512,4,5,-1
4723036000,2023-03-31,경상북도,영천시,자양면,1252,640,612,1275,651,624,23,11,12
4723037000,2023-03-31,경상북도,영천시,임고면,4106,2108,1998,4125,2123,2002,19,15,4
4723038000,2023-03-31,경상북도,영천시,고경면,5691,3096,2595,5703,3091,2612,12,-5,17
4723039000,2023-03-31,경상북도,영천시,북안면,4382,2287,2095,4382,2292,2090,0,5,-5
4723040000,2023-03-31,경상북도,영천시,대창면,3035,1600,1435,3043,1605,1438,8,5,3
4723051000,2023-03-31,경상북도,영천시,동부동,27692,13631,14061,27670,13631,14039,-22,0,-22
4723052000,2023-03-31,경상북도,영천시,중앙동,9562,4793,4769,9483,4758,4725,-79,-35,-44
4723053500,2023-03-31,경상북도,영천시,서부동,4596,2303,2293,4612,2316,2296,16,13,3
4723054000,2023-03-31,경상북도,영천시,완산동,9959,4885,5074,9948,4888,5060,-11,3,-14
4723055500,2023-03-31,경상북도,영천시,남부동,3982,2171,1811,3999,2170,1829,17,-1,18
4725025000,2023-03-31,경상북도,상주시,함창읍,6274,3046,3228,6246,3037,3209,-28,-9,-19
4725031000,2023-03-31,경상북도,상주시,중동면,1328,651,677,1329,653,676,1,2,-1
4725032500,2023-03-31,경상북도,상주시,사벌국면,3764,1854,1910,3757,1853,1904,-7,-1,-6
4725033000,2023-03-31,경상북도,상주시,낙동면,2912,1428,1484,2892,1417,1475,-20,-11,-9
4725033500,2023-03-31,경상북도,상주시,낙동면동부출장소,976,492,484,983,494,489,7,2,5
4725034000,2023-03-31,경상북도,상주시,청리면,2532,1240,1292,2530,1239,1291,-2,-1,-1
4725035000,2023-03-31,경상북도,상주시,공성면,3851,1893,1958,3862,1903,1959,11,10,1
4725036000,2023-03-31,경상북도,상주시,외남면,1598,802,796,1592,799,793,-6,-3,-3
4725037000,2023-03-31,경상북도,상주시,내서면,1890,973,917,1887,975,912,-3,2,-5
4725038000,2023-03-31,경상북도,상주시,모동면,2562,1306,1256,2566,1307,1259,4,1,3
4725039000,2023-03-31,경상북도,상주시,모서면,1671,858,813,1666,856,810,-5,-2,-3
4725039500,2023-03-31,경상북도,상주시,모서면서부출장소,733,355,378,737,357,380,4,2,2
4725040000,2023-03-31,경상북도,상주시,화동면,1888,961,927,1913,964,949,25,3,22
4725041000,2023-03-31,경상북도,상주시,화서면,2880,1401,1479,2876,1401,1475,-4,0,-4
4725042000,2023-03-31,경상북도,상주시,화북면,1174,586,588,1167,583,584,-7,-3,-4
4725042600,2023-03-31,경상북도,상주시,화북면서부출장소,317,168,149,321,172,149,4,4,0
4725043000,2023-03-31,경상북도,상주시,외서면,2607,1236,1371,2603,1234,1369,-4,-2,-2
4725044000,2023-03-31,경상북도,상주시,은척면,1127,535,592,1137,538,599,10,3,7
4725044500,2023-03-31,경상북도,상주시,은척면북부출장소,375,192,183,376,192,184,1,0,1
4725045000,2023-03-31,경상북도,상주시,공검면,2138,1026,1112,2124,1014,1110,-14,-12,-2
4725046000,2023-03-31,경상북도,상주시,이안면,1970,967,1003,1975,970,1005,5,3,2
4725047000,2023-03-31,경상북도,상주시,화남면,770,378,392,778,382,396,8,4,4
4725052000,2023-03-31,경상북도,상주시,남원동,11448,5701,5747,11441,5703,5738,-7,2,-9
4725053000,2023-03-31,경상북도,상주시,북문동,9297,4614,4683,9300,4603,4697,3,-11,14
4725054000,2023-03-31,경상북도,상주시,계림동,8949,4289,4660,8928,4277,4651,-21,-12,-9
4725055000,2023-03-31,경상북도,상주시,동문동,7679,3732,3947,7651,3719,3932,-28,-13,-15
4725056000,2023-03-31,경상북도,상주시,동성동,3372,1619,1753,3366,1623,1743,-6,4,-10
4725057000,2023-03-31,경상북도,상주시,신흥동,8616,4330,4286,8681,4371,4310,65,41,24
4728025000,2023-03-31,경상북도,문경시,문경읍,5745,2774,2971,5760,2773,2987,15,-1,16
4728025100,2023-03-31,경상북도,문경시,문경읍갈평출장소,1083,559,524,1088,562,526,5,3,2
4728025300,2023-03-31,경상북도,문경시,가은읍,3158,1547,1611,3148,1538,1610,-10,-9,-1
4728025400,2023-03-31,경상북도,문경시,가은읍북부출장소,846,452,394,840,448,392,-6,-4,-2
4728031000,2023-03-31,경상북도,문경시,영순면,2374,1272,1102,2404,1296,1108,30,24,6
4728032000,2023-03-31,경상북도,문경시,산양면,3048,1558,1490,3040,1553,1487,-8,-5,-3
4728033000,2023-03-31,경상북도,문경시,호계면,2398,1173,1225,2428,1189,1239,30,16,14
4728034000,2023-03-31,경상북도,문경시,산북면,2687,1352,1335,2688,1350,1338,1,-2,3
4728035000,2023-03-31,경상북도,문경시,동로면,2009,1035,974,1998,1029,969,-11,-6,-5
4728036000,2023-03-31,경상북도,문경시,마성면,3463,1657,1806,3461,1654,1807,-2,-3,1
4728037000,2023-03-31,경상북도,문경시,농암면,2554,1193,1361,2551,1195,1356,-3,2,-5
4728057000,2023-03-31,경상북도,문경시,점촌1동,5553,2702,2851,5560,2701,2859,7,-1,8
4728058000,2023-03-31,경상북도,문경시,점촌2동,6848,3286,3562,6839,3304,3535,-9,18,-27
4728059000,2023-03-31,경상북도,문경시,점촌3동,8946,4420,4526,8925,4423,4502,-21,3,-24
4728060000,2023-03-31,경상북도,문경시,점촌4동,3020,1537,1483,3004,1523,1481,-16,-14,-2
4728061000,2023-03-31,경상북도,문경시,점촌5동,16129,7856,8273,16147,7864,8283,18,8,10
4729025000,2023-03-31,경상북도,경산시,하양읍,30329,15342,14987,30667,15514,15153,338,172,166
4729025300,2023-03-31,경상북도,경산시,진량읍,34698,18108,16590,34700,18096,16604,2,-12,14
4729025600,2023-03-31,경상북도,경산시,압량읍,20724,10995,9729,20745,11033,9712,21,38,-17
4729031000,2023-03-31,경상북도,경산시,와촌면,5503,2985,2518,5510,2986,2524,7,1,6
4729033000,2023-03-31,경상북도,경산시,자인면,5397,2745,2652,5400,2755,2645,3,10,-7
4729034000,2023-03-31,경상북도,경산시,용성면,3256,1734,1522,3278,1742,1536,22,8,14
4729035000,2023-03-31,경상북도,경산시,남산면,3729,1931,1798,3712,1918,1794,-17,-13,-4
4729037000,2023-03-31,경상북도,경산시,남천면,2859,1472,1387,2840,1469,1371,-19,-3,-16
4729051000,2023-03-31,경상북도,경산시,중방동,9412,4520,4892,9393,4500,4893,-19,-20,1
4729052000,2023-03-31,경상북도,경산시,중앙동,6229,3078,3151,6191,3059,3132,-38,-19,-19
4729053000,2023-03-31,경상북도,경산시,남부동,19598,9656,9942,19572,9646,9926,-26,-10,-16
4729054100,2023-03-31,경상북도,경산시,서부1동,34736,16523,18213,34655,16493,18162,-81,-30,-51
4729054200,2023-03-31,경상북도,경산시,서부2동,35793,17118,18675,35709,17068,18641,-84,-50,-34
4729055000,2023-03-31,경상북도,경산시,북부동,16735,9208,7527,16866,9257,7609,131,49,82
4729056000,2023-03-31,경상북도,경산시,동부동,38492,19208,19284,38479,19221,19258,-13,13,-26
4772025000,2023-03-31,경상북도,군위군,군위읍,8217,4243,3974,8192,4232,3960,-25,-11,-14
4772031000,2023-03-31,경상북도,군위군,소보면,2311,1208,1103,2306,1210,1096,-5,2,-7
4772032000,2023-03-31,경상북도,군위군,효령면,3823,1982,1841,3830,1989,1841,7,7,0
4772033000,2023-03-31,경상북도,군위군,부계면,2102,1087,1015,2090,1083,1007,-12,-4,-8
4772034000,2023-03-31,경상북도,군위군,우보면,1972,992,980,1971,991,980,-1,-1,0
4772035000,2023-03-31,경상북도,군위군,의흥면,2344,1141,1203,2346,1142,1204,2,1,1
4772036000,2023-03-31,경상북도,군위군,산성면,1203,613,590,1194,608,586,-9,-5,-4
4772038000,2023-03-31,경상북도,군위군,삼국유사면,1305,684,621,1309,686,623,4,2,2
4773025000,2023-03-31,경상북도,의성군,의성읍,12753,6268,6485,12728,6262,6466,-25,-6,-19
4773031000,2023-03-31,경상북도,의성군,단촌면,1893,947,946,1894,948,946,1,1,0
4773032000,2023-03-31,경상북도,의성군,점곡면,1574,774,800,1562,767,795,-12,-7,-5
4773033000,2023-03-31,경상북도,의성군,옥산면,1744,876,868,1735,872,863,-9,-4,-5
4773034000,2023-03-31,경상북도,의성군,사곡면,1548,758,790,1548,761,787,0,3,-3
4773035000,2023-03-31,경상북도,의성군,춘산면,1482,752,730,1475,749,726,-7,-3,-4
4773036000,2023-03-31,경상북도,의성군,가음면,1465,740,725,1465,740,725,0,0,0
4773037000,2023-03-31,경상북도,의성군,금성면,4173,2037,2136,4170,2037,2133,-3,0,-3
4773038000,2023-03-31,경상북도,의성군,봉양면,3816,1878,1938,3811,1873,1938,-5,-5,0
4773039000,2023-03-31,경상북도,의성군,비안면,2547,1261,1286,2553,1263,1290,6,2,4
4773040000,2023-03-31,경상북도,의성군,구천면,1729,861,868,1729,860,869,0,-1,1
4773041000,2023-03-31,경상북도,의성군,단밀면,1653,823,830,1654,824,830,1,1,0
4773042000,2023-03-31,경상북도,의성군,단북면,1757,847,910,1754,843,911,-3,-4,1
4773043000,2023-03-31,경상북도,의성군,안계면,4428,2136,2292,4408,2128,2280,-20,-8,-12
4773044000,2023-03-31,경상북도,의성군,다인면,3724,1822,1902,3716,1821,1895,-8,-1,-7
4773045000,2023-03-31,경상북도,의성군,신평면,797,392,405,796,390,406,-1,-2,1
4773046000,2023-03-31,경상북도,의성군,안평면,2120,1074,1046,2114,1066,1048,-6,-8,2
4773047000,2023-03-31,경상북도,의성군,안사면,839,411,428,842,414,428,3,3,0
4775025000,2023-03-31,경상북도,청송군,청송읍,5082,2506,2576,5069,2498,2571,-13,-8,-5
4775031500,2023-03-31,경상북도,청송군,주왕산면,1787,893,894,1793,900,893,6,7,-1
4775032000,2023-03-31,경상북도,청송군,부남면,2407,1209,1198,2402,1208,1194,-5,-1,-4
4775033000,2023-03-31,경상북도,청송군,현동면,2049,1041,1008,2052,1045,1007,3,4,-1
4775034000,2023-03-31,경상북도,청송군,현서면,2472,1237,1235,2472,1239,1233,0,2,-2
4775035000,2023-03-31,경상북도,청송군,안덕면,2521,1241,1280,2523,1242,1281,2,1,1
4775036000,2023-03-31,경상북도,청송군,파천면,1728,871,857,1727,870,857,-1,-1,0
4775037000,2023-03-31,경상북도,청송군,진보면,6199,3156,3043,6187,3156,3031,-12,0,-12
4776025000,2023-03-31,경상북도,영양군,영양읍,6979,3441,3538,6998,3433,3565,19,-8,27
4776031000,2023-03-31,경상북도,영양군,입암면,2038,1001,1037,2021,995,1026,-17,-6,-11
4776032000,2023-03-31,경상북도,영양군,청기면,1624,832,792,1618,832,786,-6,0,-6
4776033000,2023-03-31,경상북도,영양군,일월면,1701,858,843,1687,850,837,-14,-8,-6
4776034000,2023-03-31,경상북도,영양군,수비면,1639,836,803,1638,834,804,-1,-2,1
4776035000,2023-03-31,경상북도,영양군,석보면,1950,988,962,1950,990,960,0,2,-2
4777025000,2023-03-31,경상북도,영덕군,영덕읍,10542,5071,5471,10523,5069,5454,-19,-2,-17
4777031000,2023-03-31,경상북도,영덕군,강구면,5899,2775,3124,5904,2778,3126,5,3,2
4777032000,2023-03-31,경상북도,영덕군,남정면,2276,1113,1163,2274,1114,1160,-2,1,-3
4777033000,2023-03-31,경상북도,영덕군,달산면,1091,505,586,1090,507,583,-1,2,-3
4777034000,2023-03-31,경상북도,영덕군,지품면,1403,693,710,1407,696,711,4,3,1
4777034500,2023-03-31,경상북도,영덕군,지품면원전출장소,523,250,273,525,251,274,2,1,1
4777035000,2023-03-31,경상북도,영덕군,축산면,887,424,463,892,425,467,5,1,4
4777035500,2023-03-31,경상북도,영덕군,축산면축산출장소,1573,741,832,1569,736,833,-4,-5,1
4777036000,2023-03-31,경상북도,영덕군,영해면,6173,2852,3321,6152,2845,3307,-21,-7,-14
4777037000,2023-03-31,경상북도,영덕군,병곡면,2647,1266,1381,2634,1263,1371,-13,-3,-10
4777038000,2023-03-31,경상북도,영덕군,창수면,1546,754,792,1545,756,789,-1,2,-3
4782025000,2023-03-31,경상북도,청도군,화양읍,7209,3520,3689,7201,3518,3683,-8,-2,-6
4782025100,2023-03-31,경상북도,청도군,화양읍남성현출장소,1102,559,543,1117,567,550,15,8,7
4782025300,2023-03-31,경상북도,청도군,청도읍,10035,4925,5110,10009,4898,5111,-26,-27,1
4782025400,2023-03-31,경상북도,청도군,청도읍유호출장소,1537,743,794,1543,747,796,6,4,2
4782031000,2023-03-31,경상북도,청도군,각남면,2161,1048,1113,2159,1042,1117,-2,-6,4
4782032000,2023-03-31,경상북도,청도군,풍각면,3804,1865,1939,3795,1861,1934,-9,-4,-5
4782033000,2023-03-31,경상북도,청도군,각북면,2278,1147,1131,2298,1156,1142,20,9,11
4782034000,2023-03-31,경상북도,청도군,이서면,4563,2230,2333,4539,2212,2327,-24,-18,-6
4782035000,2023-03-31,경상북도,청도군,운문면,2002,1026,976,2006,1023,983,4,-3,7
4782036000,2023-03-31,경상북도,청도군,금천면,3236,1646,1590,3242,1653,1589,6,7,-1
4782037000,2023-03-31,경상북도,청도군,매전면,3737,1874,1863,3756,1886,1870,19,12,7
4783025300,2023-03-31,경상북도,고령군,대가야읍,9771,4931,4840,9754,4930,4824,-17,-1,-16
4783031000,2023-03-31,경상북도,고령군,덕곡면,1401,709,692,1411,714,697,10,5,5
4783032000,2023-03-31,경상북도,고령군,운수면,1771,886,885,1792,899,893,21,13,8
4783033000,2023-03-31,경상북도,고령군,성산면,2515,1370,1145,2517,1373,1144,2,3,-1
4783034000,2023-03-31,경상북도,고령군,다산면,8147,4224,3923,8114,4212,3902,-33,-12,-21
4783035000,2023-03-31,경상북도,고령군,개진면,1897,1027,870,1900,1031,869,3,4,-1
4783036000,2023-03-31,경상북도,고령군,우곡면,1554,808,746,1561,814,747,7,6,1
4783037000,2023-03-31,경상북도,고령군,쌍림면,3263,1620,1643,3271,1616,1655,8,-4,12
4784025000,2023-03-31,경상북도,성주군,성주읍,13333,6755,6578,13283,6728,6555,-50,-27,-23
4784031000,2023-03-31,경상북도,성주군,선남면,6143,3358,2785,6149,3360,2789,6,2,4
4784032000,2023-03-31,경상북도,성주군,용암면,3648,2010,1638,3659,2013,1646,11,3,8
4784033000,2023-03-31,경상북도,성주군,수륜면,3213,1621,1592,3220,1624,1596,7,3,4
4784034000,2023-03-31,경상북도,성주군,가천면,1992,1000,992,1996,1005,991,4,5,-1
4784035000,2023-03-31,경상북도,성주군,금수면,1186,626,560,1194,631,563,8,5,3
4784036000,2023-03-31,경상북도,성주군,대가면,2359,1192,1167,2360,1192,1168,1,0,1
4784037000,2023-03-31,경상북도,성주군,벽진면,3022,1579,1443,3029,1581,1448,7,2,5
4784038000,2023-03-31,경상북도,성주군,초전면,4402,2262,2140,4386,2259,2127,-16,-3,-13
4784039000,2023-03-31,경상북도,성주군,월항면,3272,1768,1504,3280,1773,1507,8,5,3
4785025000,2023-03-31,경상북도,칠곡군,왜관읍,31984,16066,15918,31924,16039,15885,-60,-27,-33
4785025300,2023-03-31,경상북도,칠곡군,북삼읍,24093,12600,11493,24033,12561,11472,-60,-39,-21
4785025600,2023-03-31,경상북도,칠곡군,석적읍,31265,17057,14208,31277,17044,14233,12,-13,25
4785031000,2023-03-31,경상북도,칠곡군,지천면,3934,2112,1822,3919,2111,1808,-15,-1,-14
4785032000,2023-03-31,경상북도,칠곡군,동명면,5214,2657,2557,5206,2656,2550,-8,-1,-7
4785033000,2023-03-31,경상북도,칠곡군,가산면,3329,1794,1535,3314,1791,1523,-15,-3,-12
4785036000,2023-03-31,경상북도,칠곡군,약목면,9176,4769,4407,9147,4745,4402,-29,-24,-5
4785037000,2023-03-31,경상북도,칠곡군,기산면,3079,1622,1457,3074,1623,1451,-5,1,-6
4790025000,2023-03-31,경상북도,예천군,예천읍,14309,7048,7261,14263,7035,7228,-46,-13,-33
4790031000,2023-03-31,경상북도,예천군,용문면,2227,1125,1102,2226,1128,1098,-1,3,-4
4790034000,2023-03-31,경상북도,예천군,감천면,2545,1277,1268,2538,1271,1267,-7,-6,-1
4790035000,2023-03-31,경상북도,예천군,보문면,1631,804,827,1637,807,830,6,3,3
4790036000,2023-03-31,경상북도,예천군,호명면,20577,10027,10550,20608,10045,10563,31,18,13
4790037000,2023-03-31,경상북도,예천군,유천면,2510,1260,1250,2492,1253,1239,-18,-7,-11
4790038000,2023-03-31,경상북도,예천군,용궁면,2349,1141,1208,2341,1138,1203,-8,-3,-5
4790039000,2023-03-31,경상북도,예천군,개포면,1477,722,755,1484,724,760,7,2,5
4790040000,2023-03-31,경상북도,예천군,지보면,2609,1295,1314,2613,1296,1317,4,1,3
4790041000,2023-03-31,경상북도,예천군,풍양면,2960,1406,1554,2946,1399,1547,-14,-7,-7
4790042000,2023-03-31,경상북도,예천군,효자면,1184,594,590,1190,596,594,6,2,4
4790043000,2023-03-31,경상북도,예천군,은풍면,1319,665,654,1313,661,652,-6,-4,-2
4792025000,2023-03-31,경상북도,봉화군,봉화읍,9523,4693,4830,9518,4683,4835,-5,-10,5
4792031000,2023-03-31,경상북도,봉화군,물야면,2972,1517,1455,2966,1519,1447,-6,2,-8
4792032000,2023-03-31,경상북도,봉화군,봉성면,2025,982,1043,2025,981,1044,0,-1,1
4792033000,2023-03-31,경상북도,봉화군,법전면,1943,1000,943,1943,1001,942,0,1,-1
4792034000,2023-03-31,경상북도,봉화군,춘양면,4284,2148,2136,4277,2141,2136,-7,-7,0
4792035000,2023-03-31,경상북도,봉화군,소천면,2120,1088,1032,2124,1094,1030,4,6,-2
4792036000,2023-03-31,경상북도,봉화군,재산면,1426,723,703,1430,726,704,4,3,1
4792037000,2023-03-31,경상북도,봉화군,명호면,2182,1158,1024,2179,1161,1018,-3,3,-6
4792038000,2023-03-31,경상북도,봉화군,상운면,1673,855,818,1667,855,812,-6,0,-6
4792039000,2023-03-31,경상북도,봉화군,석포면,1900,1088,812,1908,1103,805,8,15,-7
4793025000,2023-03-31,경상북도,울진군,울진읍,13600,6869,6731,13575,6867,6708,-25,-2,-23
4793025300,2023-03-31,경상북도,울진군,평해읍,2589,1232,1357,2580,1226,1354,-9,-6,-3
4793031000,2023-03-31,경상북도,울진군,북면,6758,3602,3156,6759,3614,3145,1,12,-11
4793031500,2023-03-31,경상북도,울진군,북면하당출장소,663,336,327,663,336,327,0,0,0
4793033000,2023-03-31,경상북도,울진군,근남면,2733,1393,1340,2730,1387,1343,-3,-6,3
4793035000,2023-03-31,경상북도,울진군,기성면,2364,1146,1218,2372,1147,1225,8,1,7
4793036000,2023-03-31,경상북도,울진군,온정면,1618,786,832,1620,785,835,2,-1,3
4793037000,2023-03-31,경상북도,울진군,죽변면,6153,3184,2969,6163,3197,2966,10,13,-3
4793038000,2023-03-31,경상북도,울진군,후포면,7204,3527,3677,7206,3523,3683,2,-4,6
4793039000,2023-03-31,경상북도,울진군,금강송면,1218,596,622,1214,599,615,-4,3,-7
4793040000,2023-03-31,경상북도,울진군,매화면,1949,936,1013,1942,937,1005,-7,1,-8
4794025000,2023-03-31,경상북도,울릉군,울릉읍,6346,3533,2813,6376,3542,2834,30,9,21
4794031000,2023-03-31,경상북도,울릉군,서면,908,493,415,915,497,418,7,4,3
4794031500,2023-03-31,경상북도,울릉군,서면태하출장소,439,245,194,445,250,195,6,5,1
4794032000,2023-03-31,경상북도,울릉군,북면,1293,722,571,1298,726,572,5,4,1
4812125000,2023-03-31,경상남도,창원시 의창구,동읍,19271,9863,9408,19209,9826,9383,-62,-37,-25
4812131000,2023-03-31,경상남도,창원시 의창구,북면,43092,21682,21410,43118,21695,21423,26,13,13
4812132000,2023-03-31,경상남도,창원시 의창구,대산면,6923,3493,3430,6918,3485,3433,-5,-8,3
4812151000,2023-03-31,경상남도,창원시 의창구,의창동,50005,25234,24771,49888,25176,24712,-117,-58,-59
4812152000,2023-03-31,경상남도,창원시 의창구,팔룡동,25778,13095,12683,25721,13079,12642,-57,-16,-41
4812153000,2023-03-31,경상남도,창원시 의창구,명곡동,40447,20544,19903,40363,20501,19862,-84,-43,-41
4812154000,2023-03-31,경상남도,창원시 의창구,봉림동,29913,15623,14290,30000,15688,14312,87,65,22
4812351000,2023-03-31,경상남도,창원시 성산구,반송동,40091,20148,19943,40035,20118,19917,-56,-30,-26
4812351500,2023-03-31,경상남도,창원시 성산구,용지동,27200,13723,13477,27181,13713,13468,-19,-10,-9
4812352000,2023-03-31,경상남도,창원시 성산구,중앙동,34481,18681,15800,34509,18742,15767,28,61,-33
4812353000,2023-03-31,경상남도,창원시 성산구,상남동,27118,13592,13526,27015,13530,13485,-103,-62,-41
4812354000,2023-03-31,경상남도,창원시 성산구,사파동,46092,22832,23260,46094,22823,23271,2,-9,11
4812355000,2023-03-31,경상남도,창원시 성산구,가음정동,39439,19974,19465,39232,19842,19390,-207,-132,-75
4812356000,2023-03-31,경상남도,창원시 성산구,성주동,25917,13516,12401,25874,13511,12363,-43,-5,-38
4812357000,2023-03-31,경상남도,창원시 성산구,웅남동,7468,3959,3509,7456,3955,3501,-12,-4,-8
4812531000,2023-03-31,경상남도,창원시 마산합포구,구산면,4096,2120,1976,4089,2115,1974,-7,-5,-2
4812532000,2023-03-31,경상남도,창원시 마산합포구,진동면,11895,6110,5785,11873,6103,5770,-22,-7,-15
4812533000,2023-03-31,경상남도,창원시 마산합포구,진북면,3268,1735,1533,3250,1724,1526,-18,-11,-7
4812534000,2023-03-31,경상남도,창원시 마산합포구,진전면,3749,1859,1890,3751,1866,1885,2,7,-5
4812551000,2023-03-31,경상남도,창원시 마산합포구,현동,13881,6877,7004,13858,6873,6985,-23,-4,-19
4812552000,2023-03-31,경상남도,창원시 마산합포구,가포동,2295,1165,1130,2292,1165,1127,-3,0,-3
4812553000,2023-03-31,경상남도,창원시 마산합포구,월영동,42027,20826,21201,42053,20848,21205,26,22,4
4812554000,2023-03-31,경상남도,창원시 마산합포구,문화동,11112,5548,5564,11119,5555,5564,7,7,0
4812556500,2023-03-31,경상남도,창원시 마산합포구,반월중앙동,13884,6732,7152,13868,6736,7132,-16,4,-20
4812557000,2023-03-31,경상남도,창원시 마산합포구,완월동,8820,4270,4550,8776,4256,4520,-44,-14,-30
4812558000,2023-03-31,경상남도,창원시 마산합포구,자산동,9958,4884,5074,9913,4854,5059,-45,-30,-15
4812561000,2023-03-31,경상남도,창원시 마산합포구,교방동,15986,7905,8081,15982,7912,8070,-4,7,-11
4812563000,2023-03-31,경상남도,창원시 마산합포구,오동동,19014,9439,9575,18982,9428,9554,-32,-11,-21
4812564000,2023-03-31,경상남도,창원시 마산합포구,합포동,7036,3545,3491,7009,3523,3486,-27,-22,-5
4812565000,2023-03-31,경상남도,창원시 마산합포구,산호동,11983,5939,6044,11966,5935,6031,-17,-4,-13
4812725000,2023-03-31,경상남도,창원시 마산회원구,내서읍,62079,31121,30958,61983,31056,30927,-96,-65,-31
4812751000,2023-03-31,경상남도,창원시 마산회원구,회원1동,9982,4920,5062,9979,4904,5075,-3,-16,13
4812752000,2023-03-31,경상남도,창원시 마산회원구,회원2동,9906,4883,5023,9904,4878,5026,-2,-5,3
4812754500,2023-03-31,경상남도,창원시 마산회원구,석전동,16635,8264,8371,16589,8244,8345,-46,-20,-26
4812755000,2023-03-31,경상남도,창원시 마산회원구,회성동,5722,2895,2827,5686,2868,2818,-36,-27,-9
4812756000,2023-03-31,경상남도,창원시 마산회원구,양덕1동,10787,5396,5391,10775,5384,5391,-12,-12,0
4812757000,2023-03-31,경상남도,창원시 마산회원구,양덕2동,30628,15025,15603,30608,15016,15592,-20,-9,-11
4812758000,2023-03-31,경상남도,창원시 마산회원구,합성1동,8970,4520,4450,8958,4512,4446,-12,-8,-4
4812759000,2023-03-31,경상남도,창원시 마산회원구,합성2동,7347,3672,3675,7362,3684,3678,15,12,3
4812760000,2023-03-31,경상남도,창원시 마산회원구,구암1동,8636,4319,4317,8610,4302,4308,-26,-17,-9
4812761000,2023-03-31,경상남도,창원시 마산회원구,구암2동,9190,4599,4591,9178,4591,4587,-12,-8,-4
4812762000,2023-03-31,경상남도,창원시 마산회원구,봉암동,3090,1734,1356,3067,1715,1352,-23,-19,-4
4812953000,2023-03-31,경상남도,창원시 진해구,충무동,16442,8533,7909,16371,8484,7887,-71,-49,-22
4812954000,2023-03-31,경상남도,창원시 진해구,여좌동,8266,4081,4185,8210,4060,4150,-56,-21,-35
4812955000,2023-03-31,경상남도,창원시 진해구,태백동,3676,1836,1840,3656,1824,1832,-20,-12,-8
4812956000,2023-03-31,경상남도,창원시 진해구,경화동,10860,5486,5374,10834,5470,5364,-26,-16,-10
4812957000,2023-03-31,경상남도,창원시 진해구,병암동,7253,3558,3695,7247,3556,3691,-6,-2,-4
4812958000,2023-03-31,경상남도,창원시 진해구,석동,17504,9031,8473,17496,9034,8462,-8,3,-11
4812959000,2023-03-31,경상남도,창원시 진해구,이동,8502,4518,3984,8496,4512,3984,-6,-6,0
4812960000,2023-03-31,경상남도,창원시 진해구,자은동,20847,10408,10439,20789,10388,10401,-58,-20,-38
4812961000,2023-03-31,경상남도,창원시 진해구,덕산동,9905,4893,5012,9873,4875,4998,-32,-18,-14
4812962000,2023-03-31,경상남도,창원시 진해구,풍호동,25233,12605,12628,25258,12619,12639,25,14,11
4812963000,2023-03-31,경상남도,창원시 진해구,웅천동,13017,6567,6450,13025,6577,6448,8,10,-2
4812964000,2023-03-31,경상남도,창원시 진해구,웅동1동,7871,3997,3874,7865,3995,3870,-6,-2,-4
4812965000,2023-03-31,경상남도,창원시 진해구,웅동2동,44112,23960,20152,44060,23928,20132,-52,-32,-20
4817025000,2023-03-31,경상남도,진주시,문산읍,7903,3991,3912,7862,3960,3902,-41,-31,-10
4817031000,2023-03-31,경상남도,진주시,내동면,3980,1985,1995,3969,1976,1993,-11,-9,-2
4817032000,2023-03-31,경상남도,진주시,정촌면,8726,4430,4296,8727,4432,4295,1,2,-1
4817033000,2023-03-31,경상남도,진주시,금곡면,2123,1033,1090,2122,1028,1094,-1,-5,4
4817035000,2023-03-31,경상남도,진주시,진성면,1842,913,929,1845,916,929,3,3,0
4817036000,2023-03-31,경상남도,진주시,일반성면,2516,1242,1274,2523,1239,1284,7,-3,10
4817037000,2023-03-31,경상남도,진주시,이반성면,1539,780,759,1532,777,755,-7,-3,-4
4817038000,2023-03-31,경상남도,진주시,사봉면,1476,715,761,1473,714,759,-3,-1,-2
4817039000,2023-03-31,경상남도,진주시,지수면,1388,706,682,1392,708,684,4,2,2
4817040000,2023-03-31,경상남도,진주시,대곡면,3096,1551,1545,3080,1543,1537,-16,-8,-8
4817041000,2023-03-31,경상남도,진주시,금산면,20434,10188,10246,20387,10165,10222,-47,-23,-24
4817042000,2023-03-31,경상남도,진주시,집현면,4528,2289,2239,4515,2280,2235,-13,-9,-4
4817043000,2023-03-31,경상남도,진주시,미천면,1546,773,773,1539,769,770,-7,-4,-3
4817044000,2023-03-31,경상남도,진주시,명석면,3882,1902,1980,3880,1908,1972,-2,6,-8
4817045000,2023-03-31,경상남도,진주시,대평면,1004,478,526,1006,477,529,2,-1,3
4817046000,2023-03-31,경상남도,진주시,수곡면,2169,1069,1100,2187,1075,1112,18,6,12
4817051500,2023-03-31,경상남도,진주시,천전동,27517,13592,13925,27491,13599,13892,-26,7,-33
4817055500,2023-03-31,경상남도,진주시,성북동,9984,4919,5065,9972,4906,5066,-12,-13,1
4817056500,2023-03-31,경상남도,진주시,중앙동,10801,5189,5612,10759,5176,5583,-42,-13,-29
4817059500,2023-03-31,경상남도,진주시,상봉동,13383,6580,6803,13362,6589,6773,-21,9,-30
4817067300,2023-03-31,경상남도,진주시,상대동,19049,9433,9616,19018,9418,9600,-31,-15,-16
4817067800,2023-03-31,경상남도,진주시,하대동,23696,11823,11873,23667,11808,11859,-29,-15,-14
4817068000,2023-03-31,경상남도,진주시,상평동,11261,5727,5534,11234,5718,5516,-27,-9,-18
4817069500,2023-03-31,경상남도,진주시,초장동,26350,13300,13050,26319,13292,13027,-31,-8,-23
4817071000,2023-03-31,경상남도,진주시,평거동,26644,12731,13913,26584,12703,13881,-60,-28,-32
4817071500,2023-03-31,경상남도,진주시,신안동,11260,5342,5918,11214,5317,5897,-46,-25,-21
4817072000,2023-03-31,경상남도,진주시,이현동,11392,5620,5772,11388,5613,5775,-4,-7,3
4817073000,2023-03-31,경상남도,진주시,판문동,20705,9848,10857,20712,9846,10866,7,-2,9
4817074000,2023-03-31,경상남도,진주시,가호동,29502,14960,14542,29621,14983,14638,119,23,96
4817075000,2023-03-31,경상남도,진주시,충무공동,33471,16482,16989,33543,16547,16996,72,65,7
4822025000,2023-03-31,경상남도,통영시,산양읍,4393,2304,2089,4379,2301,2078,-14,-3,-11
4822031000,2023-03-31,경상남도,통영시,용남면,12060,6010,6050,12054,6013,6041,-6,3,-9
4822033000,2023-03-31,경상남도,통영시,도산면,2758,1420,1338,2733,1401,1332,-25,-19,-6
4822034000,2023-03-31,경상남도,통영시,광도면,30703,15587,15116,30645,15569,15076,-58,-18,-40
4822035000,2023-03-31,경상남도,통영시,욕지면,1921,1098,823,1914,1096,818,-7,-2,-5
4822036000,2023-03-31,경상남도,통영시,한산면,1877,966,911,1887,972,915,10,6,4
4822037000,2023-03-31,경상남도,통영시,사량면,1378,691,687,1382,696,686,4,5,-1
4822051000,2023-03-31,경상남도,통영시,도천동,8499,4233,4266,8507,4257,4250,8,24,-16
4822053000,2023-03-31,경상남도,통영시,명정동,2673,1304,1369,2658,1296,1362,-15,-8,-7
4822055000,2023-03-31,경상남도,통영시,중앙동,3609,1791,1818,3596,1787,1809,-13,-4,-9
4822059000,2023-03-31,경상남도,통영시,정량동,8416,4245,4171,8388,4241,4147,-28,-4,-24
4822060000,2023-03-31,경상남도,통영시,북신동,10124,4811,5313,10098,4790,5308,-26,-21,-5
4822066500,2023-03-31,경상남도,통영시,미수동,10699,5229,5470,10651,5208,5443,-48,-21,-27
4822067000,2023-03-31,경상남도,통영시,봉평동,9698,4970,4728,9672,4950,4722,-26,-20,-6
4822070000,2023-03-31,경상남도,통영시,무전동,13364,6673,6691,13339,6648,6691,-25,-25,0
4824025000,2023-03-31,경상남도,사천시,사천읍,17829,9452,8377,17800,9427,8373,-29,-25,-4
4824031000,2023-03-31,경상남도,사천시,정동면,13917,6985,6932,13876,6967,6909,-41,-18,-23
4824032000,2023-03-31,경상남도,사천시,사남면,15425,8001,7424,15445,8017,7428,20,16,4
4824033000,2023-03-31,경상남도,사천시,용현면,7214,3623,3591,7222,3625,3597,8,2,6
4824034000,2023-03-31,경상남도,사천시,축동면,1511,783,728,1512,784,728,1,1,0
4824035000,2023-03-31,경상남도,사천시,곤양면,3236,1674,1562,3244,1673,1571,8,-1,9
4824036000,2023-03-31,경상남도,사천시,곤명면,2753,1370,1383,2730,1365,1365,-23,-5,-18
4824037000,2023-03-31,경상남도,사천시,서포면,3423,1680,1743,3421,1682,1739,-2,2,-4
4824051000,2023-03-31,경상남도,사천시,동서동,5625,2730,2895,5616,2719,2897,-9,-11,2
4824052000,2023-03-31,경상남도,사천시,선구동,4801,2357,2444,4778,2335,2443,-23,-22,-1
4824053000,2023-03-31,경상남도,사천시,동서금동,6208,3011,3197,6212,3014,3198,4,3,1
4824055000,2023-03-31,경상남도,사천시,벌용동,15181,7373,7808,15124,7342,7782,-57,-31,-26
4824057000,2023-03-31,경상남도,사천시,향촌동,6764,3536,3228,6836,3600,3236,72,64,8
4824059500,2023-03-31,경상남도,사천시,남양동,5026,2468,2558,5012,2458,2554,-14,-10,-4
4824089000,2023-03-31,경상남도,사천시,신수출장소,240,119,121,240,120,120,0,1,-1
4825025000,2023-03-31,경상남도,김해시,진영읍,55063,28327,26736,54964,28276,26688,-99,-51,-48
4825032000,2023-03-31,경상남도,김해시,주촌면,18995,9724,9271,19107,9784,9323,112,60,52
4825033000,2023-03-31,경상남도,김해시,진례면,6096,3347,2749,6112,3353,2759,16,6,10
4825034000,2023-03-31,경상남도,김해시,한림면,6972,3814,3158,6951,3798,3153,-21,-16,-5
4825035000,2023-03-31,경상남도,김해시,생림면,3659,1959,1700,3643,1949,1694,-16,-10,-6
4825036000,2023-03-31,경상남도,김해시,상동면,3082,1712,1370,3084,1713,1371,2,1,1
4825037000,2023-03-31,경상남도,김해시,대동면,5407,2792,2615,5400,2787,2613,-7,-5,-2
4825051000,2023-03-31,경상남도,김해시,동상동,9280,4759,4521,9244,4728,4516,-36,-31,-5
4825052000,2023-03-31,경상남도,김해시,회현동,8658,4320,4338,8651,4308,4343,-7,-12,5
4825053000,2023-03-31,경상남도,김해시,부원동,9422,4822,4600,9441,4835,4606,19,13,6
4825054000,2023-03-31,경상남도,김해시,내외동,72664,36228,36436,72528,36167,36361,-136,-61,-75
4825055000,2023-03-31,경상남도,김해시,북부동,82382,41198,41184,82163,41080,41083,-219,-118,-101
4825056500,2023-03-31,경상남도,김해시,칠산서부동,9214,4895,4319,9182,4880,4302,-32,-15,-17
4825058000,2023-03-31,경상남도,김해시,활천동,38772,19796,18976,38710,19763,18947,-62,-33,-29
4825059000,2023-03-31,경상남도,김해시,삼안동,31577,16202,15375,31535,16186,15349,-42,-16,-26
4825060000,2023-03-31,경상남도,김해시,불암동,7148,3654,3494,7137,3652,3485,-11,-2,-9
4825061000,2023-03-31,경상남도,김해시,장유1동,55753,27737,28016,55673,27693,27980,-80,-44,-36
4825062000,2023-03-31,경상남도,김해시,장유2동,35905,18135,17770,35891,18125,17766,-14,-10,-4
4825063000,2023-03-31,경상남도,김해시,장유3동,74163,36734,37429,74125,36689,37436,-38,-45,7
4827025000,2023-03-31,경상남도,밀양시,삼랑진읍,5093,2527,2566,5083,2522,2561,-10,-5,-5
4827025100,2023-03-31,경상남도,밀양시,삼랑진임천출장소,1247,621,626,1262,630,632,15,9,6
4827025300,2023-03-31,경상남도,밀양시,하남읍,6872,3426,3446,6849,3422,3427,-23,-4,-19
4827031000,2023-03-31,경상남도,밀양시,부북면,4997,2603,2394,5017,2623,2394,20,20,0
4827032000,2023-03-31,경상남도,밀양시,상동면,3081,1478,1603,3087,1477,1610,6,-1,7
4827033000,2023-03-31,경상남도,밀양시,산외면,2777,1422,1355,2786,1427,1359,9,5,4
4827034000,2023-03-31,경상남도,밀양시,산내면,3768,1927,1841,3783,1938,1845,15,11,4
4827035000,2023-03-31,경상남도,밀양시,단장면,4253,2105,2148,4254,2105,2149,1,0,1
4827036000,2023-03-31,경상남도,밀양시,상남면,7999,4001,3998,7980,4001,3979,-19,0,-19
4827037000,2023-03-31,경상남도,밀양시,초동면,3354,1669,1685,3363,1680,1683,9,11,-2
4827038000,2023-03-31,경상남도,밀양시,무안면,4834,2403,2431,4853,2405,2448,19,2,17
4827039000,2023-03-31,경상남도,밀양시,청도면,1716,838,878,1727,844,883,11,6,5
4827051000,2023-03-31,경상남도,밀양시,내일동,2566,1247,1319,2568,1246,1322,2,-1,3
4827052000,2023-03-31,경상남도,밀양시,내이동,17289,8590,8699,17395,8639,8756,106,49,57
4827053000,2023-03-31,경상남도,밀양시,삼문동,19801,9467,10334,19678,9413,10265,-123,-54,-69
4827054000,2023-03-31,경상남도,밀양시,가곡동,7594,3569,4025,7609,3583,4026,15,14,1
4827055000,2023-03-31,경상남도,밀양시,교동,5441,2639,2802,5413,2625,2788,-28,-14,-14
4831031000,2023-03-31,경상남도,거제시,일운면,8104,4125,3979,8093,4117,3976,-11,-8,-3
4831032000,2023-03-31,경상남도,거제시,동부면,3013,1567,1446,3003,1565,1438,-10,-2,-8
4831033000,2023-03-31,경상남도,거제시,남부면,1501,758,743,1499,759,740,-2,1,-3
4831034000,2023-03-31,경상남도,거제시,거제면,7147,3549,3598,7132,3528,3604,-15,-21,6
4831035000,2023-03-31,경상남도,거제시,둔덕면,2751,1410,1341,2744,1410,1334,-7,0,-7
4831036000,2023-03-31,경상남도,거제시,사등면,11389,5922,5467,11380,5928,5452,-9,6,-15
4831036600,2023-03-31,경상남도,거제시,사등면가조출장소,1055,541,514,1047,536,511,-8,-5,-3
4831037000,2023-03-31,경상남도,거제시,연초면,7769,4307,3462,7754,4298,3456,-15,-9,-6
4831038000,2023-03-31,경상남도,거제시,하청면,3363,1736,1627,3368,1734,1634,5,-2,7
4831038500,2023-03-31,경상남도,거제시,하청면칠천출장소,1033,529,504,1032,527,505,-1,-2,1
4831039000,2023-03-31,경상남도,거제시,장목면,2983,1519,1464,2967,1511,1456,-16,-8,-8
4831039500,2023-03-31,경상남도,거제시,장목면외포출장소,1337,668,669,1333,670,663,-4,2,-6
4831051000,2023-03-31,경상남도,거제시,장승포동,5549,3020,2529,5552,3025,2527,3,5,-2
4831053000,2023-03-31,경상남도,거제시,능포동,8843,4791,4052,8820,4781,4039,-23,-10,-13
4831054000,2023-03-31,경상남도,거제시,아주동,26388,14155,12233,26367,14153,12214,-21,-2,-19
4831055000,2023-03-31,경상남도,거제시,옥포1동,6856,3652,3204,6845,3640,3205,-11,-12,1
4831056000,2023-03-31,경상남도,거제시,옥포2동,25079,13087,11992,25010,13049,11961,-69,-38,-31
4831057000,2023-03-31,경상남도,거제시,장평동,20707,11678,9029,20663,11663,9000,-44,-15,-29
4831058000,2023-03-31,경상남도,거제시,고현동,34506,17687,16819,34514,17703,16811,8,16,-8
4831059000,2023-03-31,경상남도,거제시,상문동,33160,16801,16359,33208,16825,16383,48,24,24
4831060000,2023-03-31,경상남도,거제시,수양동,23105,11769,11336,23019,11708,11311,-86,-61,-25
4833025300,2023-03-31,경상남도,양산시,물금읍,120045,59294,60751,120027,59304,60723,-18,10,-28
4833031000,2023-03-31,경상남도,양산시,동면,41121,20825,20296,41729,21097,20632,608,272,336
4833032000,2023-03-31,경상남도,양산시,원동면,3340,1693,1647,3336,1693,1643,-4,0,-4
4833033000,2023-03-31,경상남도,양산시,상북면,12233,6241,5992,12207,6224,5983,-26,-17,-9
4833034000,2023-03-31,경상남도,양산시,하북면,7837,4051,3786,7820,4043,3777,-17,-8,-9
4833051000,2023-03-31,경상남도,양산시,중앙동,11079,5890,5189,11056,5877,5179,-23,-13,-10
4833051500,2023-03-31,경상남도,양산시,양주동,31944,15372,16572,31844,15330,16514,-100,-42,-58
4833052000,2023-03-31,경상남도,양산시,삼성동,21154,11162,9992,21053,11088,9965,-101,-74,-27
4833053000,2023-03-31,경상남도,양산시,강서동,8778,4400,4378,8749,4386,4363,-29,-14,-15
4833054000,2023-03-31,경상남도,양산시,서창동,27895,14570,13325,27783,14520,13263,-112,-50,-62
4833055000,2023-03-31,경상남도,양산시,소주동,19932,9936,9996,19910,9927,9983,-22,-9,-13
4833056000,2023-03-31,경상남도,양산시,평산동,30244,14745,15499,30204,14716,15488,-40,-29,-11
4833057000,2023-03-31,경상남도,양산시,덕계동,18142,8947,9195,18098,8932,9166,-44,-15,-29
4872025000,2023-03-31,경상남도,의령군,의령읍,9261,4623,4638,9269,4627,4642,8,4,4
4872031000,2023-03-31,경상남도,의령군,가례면,1634,816,818,1639,817,822,5,1,4
4872032000,2023-03-31,경상남도,의령군,칠곡면,1136,561,575,1136,556,580,0,-5,5
4872033000,2023-03-31,경상남도,의령군,대의면,1027,507,520,1029,507,522,2,0,2
4872034000,2023-03-31,경상남도,의령군,화정면,1481,737,744,1482,738,744,1,1,0
4872035000,2023-03-31,경상남도,의령군,용덕면,1481,756,725,1475,751,724,-6,-5,-1
4872036000,2023-03-31,경상남도,의령군,정곡면,1405,689,716,1413,694,719,8,5,3
4872037000,2023-03-31,경상남도,의령군,지정면,1821,927,894,1810,920,890,-11,-7,-4
4872038000,2023-03-31,경상남도,의령군,낙서면,713,338,375,710,336,374,-3,-2,-1
4872039000,2023-03-31,경상남도,의령군,부림면,2737,1327,1410,2731,1326,1405,-6,-1,-5
4872040000,2023-03-31,경상남도,의령군,봉수면,976,512,464,974,508,466,-2,-4,2
4872041500,2023-03-31,경상남도,의령군,궁류면,1111,525,586,1112,529,583,1,4,-3
4872042000,2023-03-31,경상남도,의령군,유곡면,1116,541,575,1118,544,574,2,3,-1
4873025000,2023-03-31,경상남도,함안군,가야읍,17723,8981,8742,17690,8966,8724,-33,-15,-18
4873025300,2023-03-31,경상남도,함안군,칠원읍,18650,9459,9191,18610,9446,9164,-40,-13,-27
4873031000,2023-03-31,경상남도,함안군,함안면,2380,1215,1165,2389,1222,1167,9,7,2
4873032000,2023-03-31,경상남도,함안군,군북면,5847,3078,2769,5823,3067,2756,-24,-11,-13
4873033000,2023-03-31,경상남도,함안군,법수면,2768,1425,1343,2767,1427,1340,-1,2,-3
4873034000,2023-03-31,경상남도,함안군,대산면,3285,1659,1626,3294,1662,1632,9,3,6
4873035000,2023-03-31,경상남도,함안군,칠서면,5143,2702,2441,5122,2700,2422,-21,-2,-19
4873036000,2023-03-31,경상남도,함안군,칠북면,1870,973,897,1857,966,891,-13,-7,-6
4873038000,2023-03-31,경상남도,함안군,산인면,2657,1324,1333,2662,1332,1330,5,8,-3
4873039000,2023-03-31,경상남도,함안군,여항면,883,463,420,886,462,424,3,-1,4
4874025000,2023-03-31,경상남도,창녕군,창녕읍,16062,8008,8054,16009,7976,8033,-53,-32,-21
4874025300,2023-03-31,경상남도,창녕군,남지읍,11812,5912,5900,11795,5906,5889,-17,-6,-11
4874031000,2023-03-31,경상남도,창녕군,고암면,1763,883,880,1767,881,886,4,-2,6
4874032000,2023-03-31,경상남도,창녕군,성산면,1575,751,824,1563,745,818,-12,-6,-6
4874033000,2023-03-31,경상남도,창녕군,대합면,3719,1903,1816,3696,1888,1808,-23,-15,-8
4874034000,2023-03-31,경상남도,창녕군,이방면,2405,1138,1267,2382,1124,1258,-23,-14,-9
4874035000,2023-03-31,경상남도,창녕군,유어면,1697,827,870,1708,839,869,11,12,-1
4874036000,2023-03-31,경상남도,창녕군,대지면,2383,1236,1147,2379,1234,1145,-4,-2,-2
4874037000,2023-03-31,경상남도,창녕군,계성면,2216,1115,1101,2206,1110,1096,-10,-5,-5
4874038000,2023-03-31,경상남도,창녕군,영산면,5119,2591,2528,5110,2587,2523,-9,-4,-5
4874039000,2023-03-31,경상남도,창녕군,장마면,1829,916,913,1838,920,918,9,4,5
4874040000,2023-03-31,경상남도,창녕군,도천면,2631,1324,1307,2608,1315,1293,-23,-9,-14
4874041000,2023-03-31,경상남도,창녕군,길곡면,1469,742,727,1465,739,726,-4,-3,-1
4874042000,2023-03-31,경상남도,창녕군,부곡면,3474,1723,1751,3472,1718,1754,-2,-5,3
4882025000,2023-03-31,경상남도,고성군,고성읍,23687,11831,11856,23688,11846,11842,1,15,-14
4882031000,2023-03-31,경상남도,고성군,삼산면,1755,912,843,1760,918,842,5,6,-1
4882032000,2023-03-31,경상남도,고성군,하일면,1799,882,917,1813,889,924,14,7,7
4882033000,2023-03-31,경상남도,고성군,하이면,2610,1348,1262,2618,1353,1265,8,5,3
4882034000,2023-03-31,경상남도,고성군,상리면,1591,801,790,1588,801,787,-3,0,-3
4882035000,2023-03-31,경상남도,고성군,대가면,1643,842,801,1654,847,807,11,5,6
4882036000,2023-03-31,경상남도,고성군,영현면,870,403,467,869,405,464,-1,2,-3
4882037000,2023-03-31,경상남도,고성군,영오면,1409,706,703,1413,710,703,4,4,0
4882038000,2023-03-31,경상남도,고성군,개천면,1102,546,556,1106,549,557,4,3,1
4882039000,2023-03-31,경상남도,고성군,구만면,1021,509,512,1012,501,511,-9,-8,-1
4882040000,2023-03-31,경상남도,고성군,회화면,3490,1731,1759,3487,1728,1759,-3,-3,0
4882041000,2023-03-31,경상남도,고성군,마암면,1735,861,874,1721,851,870,-14,-10,-4
4882042000,2023-03-31,경상남도,고성군,동해면,3102,1609,1493,3091,1603,1488,-11,-6,-5
4882043000,2023-03-31,경상남도,고성군,거류면,4289,2199,2090,4295,2196,2099,6,-3,9
4884025000,2023-03-31,경상남도,남해군,남해읍,12800,6299,6501,12848,6329,6519,48,30,18
4884031000,2023-03-31,경상남도,남해군,이동면,3683,1783,1900,3665,1772,1893,-18,-11,-7
4884032000,2023-03-31,경상남도,남해군,상주면,1627,803,824,1627,803,824,0,0,0
4884033000,2023-03-31,경상남도,남해군,삼동면,3812,1862,1950,3815,1861,1954,3,-1,4
4884034000,2023-03-31,경상남도,남해군,미조면,2141,1110,1031,2133,1111,1022,-8,1,-9
4884035000,2023-03-31,경상남도,남해군,남면,3355,1617,1738,3342,1612,1730,-13,-5,-8
4884036000,2023-03-31,경상남도,남해군,서면,2498,1214,1284,2483,1210,1273,-15,-4,-11
4884037000,2023-03-31,경상남도,남해군,고현면,3378,1591,1787,3365,1591,1774,-13,0,-13
4884038000,2023-03-31,경상남도,남해군,설천면,2728,1289,1439,2735,1292,1443,7,3,4
4884039000,2023-03-31,경상남도,남해군,창선면,5395,2566,2829,5412,2577,2835,17,11,6
4885025000,2023-03-31,경상남도,하동군,하동읍,9535,4692,4843,9525,4680,4845,-10,-12,2
4885031000,2023-03-31,경상남도,하동군,화개면,2961,1489,1472,2958,1486,1472,-3,-3,0
4885032000,2023-03-31,경상남도,하동군,악양면,3433,1722,1711,3432,1716,1716,-1,-6,5
4885033000,2023-03-31,경상남도,하동군,적량면,1867,922,945,1857,918,939,-10,-4,-6
4885034000,2023-03-31,경상남도,하동군,횡천면,1814,895,919,1823,900,923,9,5,4
4885035000,2023-03-31,경상남도,하동군,고전면,2087,1025,1062,2080,1024,1056,-7,-1,-6
4885036000,2023-03-31,경상남도,하동군,금남면,3273,1674,1599,3257,1673,1584,-16,-1,-15
4885037000,2023-03-31,경상남도,하동군,진교면,5727,2857,2870,5706,2843,2863,-21,-14,-7
4885038000,2023-03-31,경상남도,하동군,양보면,1651,815,836,1655,817,838,4,2,2
4885039000,2023-03-31,경상남도,하동군,북천면,1590,775,815,1598,778,820,8,3,5
4885040000,2023-03-31,경상남도,하동군,청암면,1371,724,647,1377,726,651,6,2,4
4885041000,2023-03-31,경상남도,하동군,옥종면,4167,2116,2051,4166,2112,2054,-1,-4,3
4885042000,2023-03-31,경상남도,하동군,금성면,2807,1471,1336,2801,1473,1328,-6,2,-8
4886025000,2023-03-31,경상남도,산청군,산청읍,6755,3279,3476,6746,3282,3464,-9,3,-12
4886031000,2023-03-31,경상남도,산청군,차황면,1369,685,684,1370,687,683,1,2,-1
4886032000,2023-03-31,경상남도,산청군,오부면,1036,509,527,1039,510,529,3,1,2
4886033000,2023-03-31,경상남도,산청군,생초면,1953,954,999,1948,957,991,-5,3,-8
4886034000,2023-03-31,경상남도,산청군,금서면,2814,1401,1413,2817,1397,1420,3,-4,7
4886035000,2023-03-31,경상남도,산청군,삼장면,1815,898,917,1811,896,915,-4,-2,-2
4886036000,2023-03-31,경상남도,산청군,시천면,3997,2005,1992,4019,2013,2006,22,8,14
4886037000,2023-03-31,경상남도,산청군,단성면,5659,2870,2789,5667,2881,2786,8,11,-3
4886038000,2023-03-31,경상남도,산청군,신안면,5553,2734,2819,5542,2731,2811,-11,-3,-8
4886039000,2023-03-31,경상남도,산청군,생비량면,1126,543,583,1127,545,582,1,2,-1
4886040000,2023-03-31,경상남도,산청군,신등면,2026,1020,1006,2023,1019,1004,-3,-1,-2
4887025000,2023-03-31,경상남도,함양군,함양읍,17745,8617,9128,17691,8600,9091,-54,-17,-37
4887031000,2023-03-31,경상남도,함양군,마천면,2053,1000,1053,2043,994,1049,-10,-6,-4
4887032000,2023-03-31,경상남도,함양군,휴천면,1486,741,745,1481,738,743,-5,-3,-2
4887033000,2023-03-31,경상남도,함양군,유림면,1624,773,851,1615,769,846,-9,-4,-5
4887034000,2023-03-31,경상남도,함양군,수동면,2257,1121,1136,2270,1127,1143,13,6,7
4887035000,2023-03-31,경상남도,함양군,지곡면,2018,976,1042,2028,980,1048,10,4,6
4887036000,2023-03-31,경상남도,함양군,안의면,4315,2020,2295,4295,2006,2289,-20,-14,-6
4887037000,2023-03-31,경상남도,함양군,서하면,1358,646,712,1364,648,716,6,2,4
4887038000,2023-03-31,경상남도,함양군,서상면,1748,836,912,1757,838,919,9,2,7
4887039000,2023-03-31,경상남도,함양군,백전면,1553,798,755,1548,797,751,-5,-1,-4
4887040000,2023-03-31,경상남도,함양군,병곡면,1289,634,655,1294,640,654,5,6,-1
4888025000,2023-03-31,경상남도,거창군,거창읍,39982,19671,20311,40066,19774,20292,84,103,-19
4888031000,2023-03-31,경상남도,거창군,주상면,1524,766,758,1520,763,757,-4,-3,-1
4888032000,2023-03-31,경상남도,거창군,웅양면,1804,896,908,1817,901,916,13,5,8
4888033000,2023-03-31,경상남도,거창군,고제면,1381,697,684,1388,700,688,7,3,4
4888034000,2023-03-31,경상남도,거창군,북상면,1528,749,779,1540,755,785,12,6,6
4888035000,2023-03-31,경상남도,거창군,위천면,1966,948,1018,1976,958,1018,10,10,0
4888036000,2023-03-31,경상남도,거창군,마리면,1981,959,1022,1980,959,1021,-1,0,-1
4888037000,2023-03-31,경상남도,거창군,남상면,2295,1116,1179,2302,1120,1182,7,4,3
4888038000,2023-03-31,경상남도,거창군,남하면,1410,675,735,1423,679,744,13,4,9
4888039000,2023-03-31,경상남도,거창군,신원면,1545,746,799,1550,750,800,5,4,1
4888040000,2023-03-31,경상남도,거창군,가조면,3553,1721,1832,3541,1717,1824,-12,-4,-8
4888041000,2023-03-31,경상남도,거창군,가북면,1355,662,693,1359,665,694,4,3,1
4889025000,2023-03-31,경상남도,합천군,합천읍,10987,5355,5632,10937,5331,5606,-50,-24,-26
4889031000,2023-03-31,경상남도,합천군,봉산면,1400,705,695,1399,707,692,-1,2,-3
4889032000,2023-03-31,경상남도,합천군,묘산면,1498,737,761,1505,741,764,7,4,3
4889033000,2023-03-31,경상남도,합천군,가야면,4038,1973,2065,4044,1978,2066,6,5,1
4889034000,2023-03-31,경상남도,합천군,야로면,2301,1095,1206,2295,1092,1203,-6,-3,-3
4889035000,2023-03-31,경상남도,합천군,율곡면,2160,1098,1062,2162,1099,1063,2,1,1
4889036000,2023-03-31,경상남도,합천군,초계면,2306,1108,1198,2300,1105,1195,-6,-3,-3
4889037000,2023-03-31,경상남도,합천군,쌍책면,1224,597,627,1221,596,625,-3,-1,-2
4889038000,2023-03-31,경상남도,합천군,덕곡면,829,416,413,829,417,412,0,1,-1
4889039000,2023-03-31,경상남도,합천군,청덕면,1567,761,806,1563,762,801,-4,1,-5
4889040000,2023-03-31,경상남도,합천군,적중면,1335,626,709,1342,629,713,7,3,4
4889041000,2023-03-31,경상남도,합천군,대양면,1751,881,870,1750,881,869,-1,0,-1
4889042000,2023-03-31,경상남도,합천군,쌍백면,1697,812,885,1693,810,883,-4,-2,-2
4889043000,2023-03-31,경상남도,합천군,삼가면,3073,1418,1655,3074,1415,1659,1,-3,4
4889044000,2023-03-31,경상남도,합천군,가회면,1752,862,890,1743,855,888,-9,-7,-2
4889045000,2023-03-31,경상남도,합천군,대병면,1927,926,1001,1918,920,998,-9,-6,-3
4889046000,2023-03-31,경상남도,합천군,용주면,2134,1053,1081,2144,1059,1085,10,6,4
5011025000,2023-03-31,제주특별자치도,제주시,한림읍,20923,10793,10130,20964,10812,10152,41,19,22
5011025300,2023-03-31,제주특별자치도,제주시,애월읍,37549,19262,18287,37515,19250,18265,-34,-12,-22
5011025600,2023-03-31,제주특별자치도,제주시,구좌읍,15334,7823,7511,15371,7856,7515,37,33,4
5011025900,2023-03-31,제주특별자치도,제주시,조천읍,25720,13178,12542,25720,13184,12536,0,6,-6
5011031000,2023-03-31,제주특별자치도,제주시,한경면,9498,4753,4745,9494,4741,4753,-4,-12,8
5011032000,2023-03-31,제주특별자치도,제주시,추자면,1600,878,722,1605,874,731,5,-4,9
5011033000,2023-03-31,제주특별자치도,제주시,우도면,1655,881,774,1659,880,779,4,-1,5
5011051000,2023-03-31,제주특별자치도,제주시,일도1동,2282,1204,1078,2267,1195,1072,-15,-9,-6
5011052000,2023-03-31,제주특별자치도,제주시,일도2동,31881,15658,16223,31845,15647,16198,-36,-11,-25
5011053000,2023-03-31,제주특별자치도,제주시,이도1동,7679,3785,3894,7652,3781,3871,-27,-4,-23
5011054000,2023-03-31,제주특별자치도,제주시,이도2동,49138,23982,25156,49068,23951,25117,-70,-31,-39
5011055000,2023-03-31,제주특별자치도,제주시,삼도1동,13162,6438,6724,13126,6420,6706,-36,-18,-18
5011056000,2023-03-31,제주특별자치도,제주시,삼도2동,7811,4050,3761,7774,4036,3738,-37,-14,-23
5011057000,2023-03-31,제주특별자치도,제주시,용담1동,6768,3517,3251,6740,3506,3234,-28,-11,-17
5011058000,2023-03-31,제주특별자치도,제주시,용담2동,14008,7117,6891,13988,7092,6896,-20,-25,5
5011059000,2023-03-31,제주특별자치도,제주시,건입동,8847,4494,4353,8845,4483,4362,-2,-11,9
5011060000,2023-03-31,제주특별자치도,제주시,화북동,23630,11742,11888,23586,11716,11870,-44,-26,-18
5011061000,2023-03-31,제주특별자치도,제주시,삼양동,26352,13204,13148,26375,13207,13168,23,3,20
5011062000,2023-03-31,제주특별자치도,제주시,봉개동,5237,2723,2514,5261,2734,2527,24,11,13
5011063000,2023-03-31,제주특별자치도,제주시,아라동,39237,19311,19926,39330,19356,19974,93,45,48
5011064000,2023-03-31,제주특별자치도,제주시,오라동,15997,8091,7906,16051,8103,7948,54,12,42
5011065000,2023-03-31,제주특별자치도,제주시,연동,42420,20765,21655,42393,20766,21627,-27,1,-28
5011066000,2023-03-31,제주특별자치도,제주시,노형동,55626,27215,28411,55684,27257,28427,58,42,16
5011067000,2023-03-31,제주특별자치도,제주시,외도동,22560,11304,11256,22555,11296,11259,-5,-8,3
5011068000,2023-03-31,제주특별자치도,제주시,이호동,4420,2311,2109,4422,2315,2107,2,4,-2
5011069000,2023-03-31,제주특별자치도,제주시,도두동,3279,1724,1555,3303,1739,1564,24,15,9
5013025000,2023-03-31,제주특별자치도,서귀포시,대정읍,22206,10724,11482,22124,10698,11426,-82,-26,-56
5013025300,2023-03-31,제주특별자치도,서귀포시,남원읍,18411,9523,8888,18412,9518,8894,1,-5,6
5013025900,2023-03-31,제주특별자치도,서귀포시,성산읍,15365,8077,7288,15349,8073,7276,-16,-4,-12
5013031000,2023-03-31,제주특별자치도,서귀포시,안덕면,12478,6473,6005,12532,6499,6033,54,26,28
5013032000,2023-03-31,제주특별자치도,서귀포시,표선면,12587,6414,6173,12608,6418,6190,21,4,17
5013051000,2023-03-31,제주특별자치도,서귀포시,송산동,3887,2028,1859,3897,2036,1861,10,8,2
5013052000,2023-03-31,제주특별자치도,서귀포시,정방동,2142,1057,1085,2136,1057,1079,-6,0,-6
5013053000,2023-03-31,제주특별자치도,서귀포시,중앙동,3206,1537,1669,3202,1537,1665,-4,0,-4
5013054000,2023-03-31,제주특별자치도,서귀포시,천지동,3454,1726,1728,3469,1740,1729,15,14,1
5013055000,2023-03-31,제주특별자치도,서귀포시,효돈동,5323,2662,2661,5328,2660,2668,5,-2,7
5013056000,2023-03-31,제주특별자치도,서귀포시,영천동,5327,2692,2635,5324,2691,2633,-3,-1,-2
5013057000,2023-03-31,제주특별자치도,서귀포시,동홍동,23465,11413,12052,23420,11390,12030,-45,-23,-22
5013058000,2023-03-31,제주특별자치도,서귀포시,서홍동,11236,5556,5680,11216,5538,5678,-20,-18,-2
5013059000,2023-03-31,제주특별자치도,서귀포시,대륜동,15567,7837,7730,15594,7845,7749,27,8,19
5013060000,2023-03-31,제주특별자치도,서귀포시,대천동,13650,6913,6737,13620,6907,6713,-30,-6,-24
5013061000,2023-03-31,제주특별자치도,서귀포시,중문동,12293,6249,6044,12313,6256,6057,20,7,13
5013062000,2023-03-31,제주특별자치도,서귀포시,예래동,3880,1994,1886,3894,1996,1898,14,2,12
